0.00315457
0.0429224
0.0778643
0.0982941
0.120859
0.145383
0.184093
0.189301
0.222495
0.248785
0.264274
0.298033
0.306413
0.329065
0.361877
0.386093
0.410441
0.438747
0.4624
0.479628
0.498108
0.5114
0.53227
0.56019
0.576604
0.595006
0.627613
0.652074
0.668998
0.685274
0.706071
0.713533
0.73481
0.773908
0.774594
0.794003
0.800758
0.82881
0.842129
0.861875
0.876954
0.8918
0.908753
0.905388
0.930921
0.951177
0.969505
0.965364
0.971282
0.983061
0.987816
0.992289
0.991479
1.01026
0.992403
1.00398
1.00931
0.996054
0.997753
1.00158
0.981903
0.999832
1.00407
1.00845
1.00944
1.00203
0.996883
1.01531
0.995664
1.0035
1.00535
1.00308
1.00203
0.998753
0.999799
0.991064
0.999217
1.01242
0.998791
1.00137
0.996885
1.00151
0.993565
1.00377
0.999279
1.00526
1.0153
1.00812
1.01082
1.00552
1.00722
0.998341
1.01259
1.00644
1.00663
0.997916
1.00234
1.01387
1.00301
0.99521
