0.0251917
0.0492764
0.0967877
0.122978
0.155007
0.183192
0.213058
0.245014
0.275572
0.310724
0.337883
0.371142
0.390553
0.422239
0.454823
0.494734
0.503301
0.535782
0.564256
0.58321
0.608511
0.647086
0.664858
0.694661
0.721236
0.742892
0.764698
0.778635
0.813178
0.839569
0.854967
0.868147
0.895657
0.915422
0.926885
0.946142
0.960042
0.966249
0.976053
0.987676
0.995013
0.995068
0.998711
0.996414
0.988773
1.00448
1.0024
1.00299
0.998456
1.00501
0.993642
0.998316
0.99883
0.999044
0.994274
1.0018
0.999496
1.00105
1.00535
1.00398
0.996543
1.00344
1.0013
1.00879
0.99296
1.00272
1.00624
1.00377
0.998297
1.00084
0.999573
0.998419
1.00483
1.00542
1.00572
1.00054
1.00578
1.00286
1.0081
1.0016
1.00471
1.00867
1.00412
0.999285
0.998467
0.998658
1.00913
0.997237
0.997242
1.00323
1.00132
1.00135
1.00687
1.00195
1.00647
1.00024
1.00237
1.00613
1.00254
0.998259
