0.0355556
0.0654596
0.100924
0.137697
0.170205
0.20419
0.237288
0.273747
0.306661
0.342025
0.371334
0.407203
0.437722
0.465185
0.497742
0.528815
0.558711
0.588172
0.617261
0.642226
0.664515
0.695449
0.727231
0.751138
0.779126
0.810322
0.820852
0.851106
0.88138
0.903618
0.922703
0.930865
0.957868
0.967286
0.976884
0.977395
0.986983
0.990205
0.995284
1.00237
0.991831
1.00541
0.999519
0.999874
0.998022
0.999277
1.00188
1.00146
1.00048
1.00594
0.999978
1.00411
1.00334
1.00386
0.995859
0.995987
0.999139
1.00336
0.993826
1.00279
0.999821
1.00404
0.997397
1.00304
1.00124
1.00932
1.00334
1.00128
0.998553
1.00363
0.998263
1.00167
0.998345
1.00642
0.997124
1.00129
1.00057
1.007
1.00355
1.00117
1.00169
1.00675
1.00163
1.00088
1.00286
1.00531
1.00011
1.00708
1.00008
1.00501
1.00233
0.999902
1.00198
1.00158
1.00443
0.996017
0.999606
1.00341
1.00652
0.999374
