0.0105263
0.0315615
0.0667996
0.0905823
0.0986842
0.143681
0.155777
0.18018
0.195469
0.215697
0.231077
0.243723
0.273875
0.309489
0.321875
0.323077
0.354893
0.364615
0.402915
0.415838
0.42128
0.441507
0.46663
0.495173
0.493056
0.523486
0.542492
0.585661
0.576757
0.592586
0.634272
0.642031
0.651893
0.672097
0.69467
0.694944
0.702645
0.719231
0.760349
0.763132
0.784332
0.806252
0.80942
0.827871
0.837178
0.863524
0.875993
0.876643
0.896684
0.91736
0.911171
0.927936
0.936936
0.967091
0.964627
0.985352
0.980818
0.982683
0.998953
0.995532
0.992396
1.00447
1.00047
0.998745
0.99183
0.992558
0.988616
1.01601
1.00961
1.00486
1.01098
0.994331
1.00464
1.01092
0.997824
0.987751
0.999929
1.0007
0.995966
1.00488
1.00003
1.00427
1.00298
1.00635
1.00281
1.00911
1.01133
1.0035
1.00632
1.01352
1.00389
0.990779
1.0009
1.01189
1.00721
1.00387
0.987721
0.993522
1.00653
1.01782
