0.0180505
0.04102
0.0674467
0.100623
0.119198
0.150403
0.16641
0.184552
0.200273
0.23303
0.250119
0.281172
0.299778
0.318154
0.348061
0.365827
0.388788
0.414909
0.441957
0.449244
0.484417
0.491314
0.508461
0.523345
0.559608
0.572625
0.596165
0.613346
0.653168
0.65502
0.68639
0.67914
0.721318
0.722018
0.740835
0.767549
0.767682
0.805426
0.811837
0.836945
0.848782
0.850391
0.862693
0.896204
0.910305
0.922537
0.944154
0.948101
0.96229
0.965652
0.97323
0.987217
0.981633
1.002
0.994144
1.00393
0.99854
0.999724
1.0097
0.996173
0.999562
1.00219
0.998264
0.996359
0.999666
1.00938
1.00417
1.00313
1.00024
1.0068
1.01262
1.00691
1.00651
1.01228
1.00538
1.00191
0.994547
1.00298
0.999118
1.00339
0.999819
1.00827
0.997433
0.999343
1.0037
1.00563
1.00686
0.996646
1.00771
1.00547
1.01263
0.996419
1.00944
1.00006
1.00799
0.990623
0.993629
1.00437
1.00036
1.00984
