0.0132626
0.0395437
0.0817967
0.0984188
0.13423
0.158183
0.190737
0.207859
0.226296
0.261204
0.279183
0.311389
0.318652
0.348674
0.378322
0.405329
0.43037
0.447634
0.483811
0.504589
0.505478
0.532615
0.567424
0.580104
0.598059
0.630667
0.650937
0.677521
0.690598
0.715269
0.723818
0.735154
0.768225
0.788727
0.81465
0.805998
0.837795
0.858833
0.869356
0.888103
0.908983
0.927386
0.935605
0.94449
0.95851
0.98053
0.980635
0.986302
0.983563
0.987219
0.990686
0.991899
0.998654
1.00187
0.9963
0.996004
0.992275
1.00536
0.994538
0.99757
0.993141
1.00738
0.9989
1.00692
0.99298
1.00013
1.00135
1.01384
1.0002
0.996309
1.0005
1.00502
1.00199
1.00426
0.992362
0.995909
1.00317
1.00991
1.00463
1.00564
1.00513
1.00173
1.00357
1.00132
1.00009
1.00006
1.00189
0.993438
1.00006
1.01037
1.00811
0.993373
1.01527
1.00751
1.00552
0.999743
0.999826
1.00408
0.997195
1.00464
