0
0.0217391
0.0133333
0.0392157
0.0229008
0.0670103
0.0909091
0.115044
0.0526316
0.138298
0.13125
0.168605
0.139024
0.172749
0.195349
0.147505
0.222
0.21135
0.203901
0.237458
0.24
0.199704
0.259366
0.268188
0.250649
0.31886
0.28375
0.301386
0.31203
0.325991
0.340611
0.328283
0.360847
0.336694
0.39185
0.403137
0.370705
0.429373
0.404199
0.447917
0.405297
0.425743
0.434543
0.489122
0.45047
0.50261
0.493736
0.49169
0.516312
0.498401
0.538036
0.54251
0.576027
0.6
0.542384
0.566404
0.567364
0.577673
0.639335
0.605012
0.653956
0.646957
0.617713
0.705077
0.6656
0.659607
0.701783
0.72118
0.696183
0.722767
0.732458
0.706871
0.77071
0.754114
0.772968
0.753488
0.787041
0.803702
0.788868
0.816021
0.786598
0.837729
0.841121
0.818143
0.853743
0.840051
0.876942
0.882128
0.895222
0.86262
0.863124
0.879385
0.869034
0.898753
0.909406
0.886203
0.927162
0.925484
0.966478
0.956393
