0.0302376
0.0503876
0.0750586
0.106069
0.14522
0.168298
0.190019
0.204925
0.24271
0.265015
0.294903
0.316557
0.336696
0.368794
0.398823
0.429509
0.447958
0.461716
0.491131
0.511392
0.532248
0.558229
0.582711
0.603937
0.630413
0.661766
0.661614
0.688337
0.717477
0.721268
0.77308
0.761548
0.799212
0.812277
0.830625
0.839835
0.86017
0.884503
0.900637
0.927977
0.936905
0.950294
0.958549
0.960647
0.975013
0.995253
0.991153
0.987845
1.00023
1.00215
0.998166
0.999023
1.00072
0.998076
1.00108
0.997716
0.998809
0.993772
1.00889
0.992045
0.995586
1.00017
1.0094
0.99455
1.00722
1.00665
1.0044
1.01999
1.00072
1.00563
1.00543
0.995706
0.998001
1.00441
1.00164
0.995977
0.990491
1.01274
1.00278
1.0004
1.0002
1.01472
0.99825
1.00612
1.00221
1.00619
1.0007
1.00303
1.00135
1.00745
1.00482
1.00133
1.00503
0.99993
1.00207
1.01047
0.997029
1.00473
1.0091
1.00276
