0
0.0242424
0.0424837
0.0790816
0.0877193
0.10162
0.0819071
0.0944798
0.150376
0.17547
0.180016
0.19764
0.194762
0.227332
0.214245
0.246846
0.262942
0.254893
0.300865
0.306353
0.312576
0.314043
0.338565
0.380756
0.356025
0.416498
0.415701
0.436731
0.479534
0.425899
0.490588
0.486997
0.494189
0.489769
0.534585
0.499282
0.532303
0.571767
0.568899
0.584108
0.599135
0.630736
0.635073
0.643866
0.645896
0.692836
0.699789
0.688601
0.692803
0.705494
0.732857
0.721373
0.780798
0.787303
0.757217
0.766945
0.800604
0.803035
0.796271
0.819605
0.831082
0.871857
0.848949
0.836495
0.856413
0.916782
0.910796
0.921306
0.920572
0.949696
0.939531
0.956264
0.998573
0.974097
1.00385
0.953768
0.986944
0.985234
0.972093
0.993628
1.00918
1.00506
0.988648
0.994188
1.02714
0.993706
1.01536
1.00631
1.00473
1.01033
1.02197
0.988695
1.01175
0.996512
1.01114
0.990914
1.02829
1.00048
1.0084
1.01626
