0.025413
0.063054
0.10536
0.136478
0.176293
0.208552
0.248734
0.284762
0.319738
0.349087
0.385063
0.416564
0.449291
0.481757
0.512351
0.54068
0.57846
0.601239
0.638679
0.665115
0.688092
0.715885
0.742577
0.766045
0.798399
0.829313
0.845071
0.869231
0.896643
0.919569
0.939034
0.951901
0.982124
0.98066
0.981586
0.985793
0.984781
0.992779
0.995558
1.00601
1.00276
0.996759
1.00325
0.997505
0.993694
1.00427
1.00873
1.00497
1.00164
1.00553
0.999038
1.00297
1.00084
0.997005
1.00077
1.00095
1.00441
0.996328
1.00337
1.00641
0.99735
0.994952
0.994809
1.00084
1.00201
1.00289
1.00196
1.00015
1.0022
1.003
0.998631
1.00283
1.00338
1.0036
1.00575
1.00285
1.00275
0.999939
1.00115
1.00102
1.00269
1.00811
1.00058
1.00462
0.999052
0.99961
1.00155
1.00403
1.00131
1.00486
1.00161
0.997645
1.00314
1.00397
1.00268
0.999051
0.998527
1.00571
1.00041
0.99865
