0
0.0143885
0.0434783
0.0723684
0.0878187
0.119002
0.0746528
0.0909091
0.127771
0.14033
0.183406
0.19711
0.189189
0.225248
0.201842
0.243202
0.228785
0.262633
0.275371
0.298195
0.299025
0.297354
0.32287
0.333829
0.349977
0.383742
0.387801
0.418896
0.40124
0.426651
0.480302
0.440145
0.449818
0.488858
0.496682
0.507507
0.495729
0.529898
0.529178
0.558484
0.557847
0.539893
0.57637
0.59606
0.606924
0.636696
0.671944
0.642177
0.676312
0.656047
0.693053
0.687442
0.721296
0.738233
0.722283
0.710688
0.772669
0.740222
0.766258
0.748164
0.798286
0.827394
0.793077
0.82153
0.831002
0.83667
0.850645
0.868609
0.850387
0.866103
0.887024
0.915984
0.910951
0.917223
0.923346
0.923476
0.924162
0.974779
0.946288
0.991253
0.961874
1.00139
0.977132
1.00274
0.980671
0.999854
0.991046
1.02987
0.978172
1.00417
1.02602
0.997527
0.995259
0.988237
1.00201
1.00697
1.01005
1.00234
1.01042
0.998849
