0
0.0267857
0.0335917
0.0529197
0.102222
0.0886918
0.111005
0.128333
0.167678
0.178429
0.198769
0.192097
0.224742
0.214388
0.254275
0.247401
0.283821
0.300254
0.305886
0.338304
0.336628
0.355772
0.380318
0.402402
0.392792
0.436743
0.460941
0.451574
0.494879
0.477481
0.517499
0.500607
0.508519
0.542924
0.578012
0.567218
0.555556
0.590893
0.587713
0.621305
0.650057
0.643233
0.674408
0.689576
0.710623
0.730377
0.738606
0.701847
0.72741
0.74488
0.755418
0.779613
0.804113
0.830761
0.807815
0.838896
0.835633
0.843644
0.853433
0.837199
0.876475
0.927166
0.889512
0.936974
0.920887
0.93841
0.924048
0.966972
0.96266
0.976507
0.973084
0.985191
0.984133
1.00444
0.990238
0.989317
0.990856
1.00238
1.01087
0.980482
1.00894
0.992314
1.02687
1.00229
1.01003
0.990579
1.02062
1.01299
1.00485
1.00377
1.02054
0.996215
1.01856
1.01148
1.0158
0.986521
1.00581
0.994072
1.01737
0.993848
