0.023622
0.022409
0.0523883
0.0804989
0.100688
0.120702
0.125793
0.160475
0.191037
0.204603
0.199781
0.215535
0.247034
0.262178
0.280564
0.295212
0.317194
0.340483
0.376305
0.369693
0.377458
0.400545
0.438094
0.440466
0.455495
0.470931
0.481892
0.513893
0.510007
0.55171
0.570378
0.573574
0.572942
0.6021
0.632675
0.643398
0.649288
0.66935
0.682355
0.698393
0.734887
0.706677
0.735451
0.771273
0.758307
0.78609
0.805476
0.792881
0.825995
0.83988
0.860577
0.848769
0.867696
0.932432
0.90009
0.90189
0.926307
0.941286
0.940944
0.945016
0.949154
0.976176
0.971901
1.00204
0.97302
0.977012
0.983592
1.00302
0.996881
1.02042
1.00042
0.977081
1.01522
1.01623
0.997458
0.999274
1.0056
1.02461
0.994509
1.00107
0.995316
1.01316
0.999434
1.00082
1.00557
1.01267
0.999206
0.99699
1.01005
1.0061
1.01037
0.995904
1.00411
0.988462
1.01056
0.99094
0.988936
1.00178
1.00859
1.00825
