0.0215343
0.0495406
0.0896101
0.10917
0.148226
0.179149
0.202529
0.235821
0.273929
0.297296
0.324607
0.351606
0.385105
0.409304
0.44385
0.470221
0.499814
0.512008
0.541979
0.572909
0.585032
0.621998
0.649281
0.674663
0.689275
0.721737
0.729201
0.7646
0.794332
0.813588
0.828577
0.843825
0.877525
0.889982
0.907416
0.921131
0.938688
0.955814
0.965628
0.974972
0.989282
0.984471
0.989298
0.996062
0.9901
1.00356
1.00088
1.00493
0.997042
1.00186
0.993591
1.00581
1.0001
1.0031
0.997116
0.999479
1.00237
1.00053
1.0082
0.998399
1.00313
0.997826
0.997606
0.997155
0.999798
1.00543
1.00689
1.0052
0.997274
1.00239
1.00703
1.00206
1.00015
1.00837
0.998406
1.00618
1.00324
1.00174
0.997255
1.00978
1.00047
1.00681
1.00227
1.0021
1.00164
0.995302
1.00216
1.00543
1.00083
1.00463
1.00337
0.9952
1.00869
0.998646
1.0031
0.999593
1.00387
1.00584
1.00864
0.999394
