0
0.0352941
0.0473373
0.0460829
0.0678571
0.0963542
0.0938865
0.0727651
0.132174
0.114286
0.156951
0.186327
0.187578
0.195011
0.211253
0.212935
0.222222
0.236413
0.247329
0.26607
0.248457
0.304475
0.297741
0.327502
0.312708
0.339538
0.356043
0.371697
0.360182
0.378036
0.41453
0.396265
0.394339
0.452232
0.471671
0.447437
0.47695
0.496422
0.493004
0.524406
0.513213
0.539277
0.536287
0.573629
0.577526
0.548538
0.585924
0.600406
0.610129
0.615532
0.662496
0.62504
0.690685
0.676133
0.694724
0.689706
0.680777
0.703191
0.726571
0.7051
0.734516
0.763315
0.751756
0.779513
0.756899
0.780682
0.794337
0.832738
0.800291
0.851889
0.840887
0.830508
0.855072
0.869699
0.881172
0.846255
0.903697
0.934397
0.909739
0.910464
0.941289
0.957469
0.958472
0.969231
0.95561
0.942323
0.970466
0.97888
0.954528
0.992854
0.98066
0.979623
1
0.970108
1.01277
0.982774
0.992466
1.03403
1.00375
1.01576
