0.0276846
0.0600262
0.102018
0.131224
0.165419
0.201153
0.221657
0.259881
0.301778
0.330303
0.368407
0.398176
0.424875
0.459538
0.485094
0.515248
0.541594
0.570559
0.600044
0.628024
0.653478
0.675319
0.70081
0.731861
0.755613
0.780852
0.813254
0.82357
0.855688
0.878469
0.904558
0.909821
0.942539
0.952459
0.966416
0.969728
0.984121
0.98082
0.992965
0.993672
0.99912
1.00192
1.00247
0.993586
0.995847
1.00317
1.00214
1.00595
1.00057
1.00787
0.997242
1.00645
0.995991
1.0019
0.99738
1.00299
0.999475
0.996451
0.998868
1.00705
0.997022
0.998864
0.99604
1.00702
1.00106
1.00584
1.00406
1.00298
1.00308
1.00318
1.00024
1.00546
0.993993
1.00475
0.99979
1.00481
1.00093
1.00313
1.00591
1.0038
1.00395
1.00708
1.00151
0.998153
1.0033
0.997762
1.00408
1.00481
0.99956
1.00701
1.00008
0.994792
1.00306
1.00246
1.00307
1.00418
1.00248
1.0012
1.0022
1.00077
