0.00961538
0.023569
0.0448343
0.0782123
0.106622
0.0949423
0.130435
0.151439
0.175837
0.205866
0.202178
0.217448
0.223588
0.247525
0.259349
0.263563
0.305463
0.319076
0.336406
0.368203
0.366755
0.368203
0.415077
0.431647
0.426187
0.430653
0.471752
0.486382
0.51209
0.51832
0.539011
0.524182
0.563049
0.581177
0.578717
0.599378
0.604084
0.650242
0.6504
0.674981
0.678943
0.678598
0.700012
0.732557
0.707923
0.756362
0.785633
0.768719
0.79164
0.788415
0.808051
0.816605
0.836522
0.878147
0.850949
0.853617
0.90968
0.894383
0.930514
0.924149
0.926277
0.969684
0.92655
0.965218
0.963011
0.976315
0.964778
0.996984
0.954934
0.995425
0.993614
0.983895
1.01535
1.0184
0.985322
1.00135
0.994865
1.02068
0.985751
1.01277
1.00418
1.01828
1.01822
1.00988
0.996191
1.01156
1.01697
1.00692
1.01105
1.00166
1.00683
0.990069
0.998822
0.99523
1.00958
1.00832
0.996111
1.01233
1.01731
1.00095
