0.0175182
0.0402033
0.0874363
0.118854
0.142502
0.177701
0.2048
0.220094
0.258419
0.29361
0.315963
0.341351
0.371838
0.396153
0.426435
0.458897
0.479009
0.502531
0.523911
0.548287
0.572225
0.593084
0.629165
0.64553
0.67659
0.699371
0.712481
0.740054
0.764314
0.77258
0.813357
0.80549
0.857404
0.865876
0.872723
0.892914
0.934109
0.939299
0.950046
0.965634
0.981583
0.988505
0.981764
0.978384
0.984123
0.996193
1.01169
1.0035
0.996644
1.00639
0.996054
1.00137
0.998408
1.0089
1.00022
0.989526
0.996017
0.993142
1.00727
1.00445
0.99892
0.997207
0.995075
1.00122
0.99966
0.999352
1.00266
1.00714
1.00649
1.00244
1.0021
0.999367
0.997928
1.00582
1.00127
1.00952
1.00148
1.00891
1.00126
1.00206
1.00412
1.00571
1.00186
1.00384
1.0072
1.0003
1.0008
1.00095
1.00402
1.0049
1.00795
1.00162
1.00099
0.99782
1.00763
0.998158
1.00249
1.00254
1.00872
1.00282
