0.0266798
0.0512587
0.106493
0.120805
0.162663
0.186492
0.223492
0.251848
0.29021
0.321588
0.350789
0.389341
0.410073
0.436632
0.47318
0.499836
0.523545
0.550142
0.583092
0.598854
0.640918
0.65375
0.688607
0.711308
0.731435
0.770841
0.781745
0.806496
0.833054
0.855206
0.875262
0.893717
0.923755
0.929033
0.945948
0.964285
0.973933
0.985035
0.981292
0.994555
0.999918
0.994402
0.995172
0.988456
0.992
1.00197
1.00531
1.01079
0.99428
0.999981
0.993334
1.00221
1.00085
1.00234
1.00056
0.996689
1.00513
0.998325
1.00674
0.998894
1.00048
1.00205
1.0002
1.00028
1.00138
1.00423
1.00425
1.00349
0.997942
1.00098
1.00347
0.999799
1.00389
1.00823
0.998841
0.99879
1.00143
1.00259
1.00456
0.998843
0.998917
1.00874
1.0033
1.00361
0.995261
1.00491
1.0034
1.00419
1.00038
1.00048
1.00331
1.00351
1.00189
1.00636
0.993219
1.00207
0.998608
0.999236
1.0088
1.0042
