0.38343
0.410138
0.443423
0.472307
0.493376
0.524951
0.55436
0.585096
0.609611
0.63871
0.663139
0.685823
0.710202
0.732303
0.756366
0.776598
0.812501
0.831065
0.84968
0.870784
0.895155
0.920227
0.930664
0.946156
0.96937
0.9816
0.981723
0.983293
0.986247
0.985434
0.990771
0.994414
1.00526
1.00346
1.00233
0.996571
1.00619
0.992408
0.99485
1.0054
1.0076
1.00576
1.00483
1.00355
1.00267
1.00099
1.00102
0.998012
0.99706
1.00239
1.00115
1.00482
0.998171
1.00085
1.00454
0.998169
1.00025
0.994589
0.996602
1.00016
1.00266
1.0007
1.00262
1.00022
1.00206
1.00481
0.998568
1.00166
1.00198
1.00363
1.00391
1.00576
1.00086
1.00312
1.00298
1.00074
1.00227
0.998553
1.00634
1.00642
1.00104
1.0039
0.998839
1.00083
0.998583
1.0061
1.00212
1.00287
1.00303
1.00182
0.996007
1.00256
1.00607
1.00682
0.996499
1.00196
0.996274
1.00553
0.99952
0.999683
