0
0.0319361
0.0579531
0.0822281
0.0973451
0.125831
0.132441
0.172427
0.186902
0.207201
0.212317
0.230178
0.254749
0.287069
0.308689
0.314734
0.33472
0.366946
0.372662
0.389428
0.391831
0.4165
0.449728
0.467903
0.492592
0.502273
0.52214
0.527987
0.568728
0.5844
0.598609
0.587436
0.631063
0.649581
0.651514
0.683449
0.669704
0.686546
0.712373
0.72644
0.753999
0.767684
0.766002
0.805951
0.808019
0.818188
0.851227
0.84257
0.862343
0.867597
0.890681
0.899483
0.918927
0.957246
0.94044
0.943764
0.954968
0.96485
0.978844
0.972899
0.982001
0.999405
0.986695
0.986717
0.985674
1.01157
0.989458
1.00861
1.01032
0.999093
1.00114
1.01446
1.01073
1.01848
0.993063
0.987603
0.997675
1.01642
1.00525
1.01112
1.01025
1.01469
1.01604
1.00927
0.998515
1.00072
1.00442
1.00841
1.00268
1.00065
1.00599
1.00257
0.998467
1.00659
1.0004
1.00589
0.972547
1.0103
1.00369
1.0076
