0.00921659
0.0324401
0.0578035
0.104564
0.102004
0.138979
0.157703
0.178889
0.199285
0.224217
0.232625
0.26941
0.282236
0.30654
0.33509
0.342976
0.38789
0.40971
0.412347
0.437396
0.446969
0.467121
0.500228
0.514559
0.532066
0.557077
0.565053
0.57971
0.608131
0.648855
0.663927
0.652594
0.680508
0.697349
0.716632
0.716926
0.741782
0.762246
0.770903
0.802493
0.812629
0.82023
0.851316
0.854198
0.874876
0.90716
0.921545
0.918243
0.938138
0.941214
0.945278
0.947418
0.97241
1.00328
0.982501
0.993488
0.979133
0.983806
1.00446
1.00384
1.00361
1.01211
0.997458
1.01319
1.00262
1.0027
0.998923
1.01018
1.00732
1.00785
1.00757
0.995672
1.02178
1.01302
1.00675
1.00887
1.00752
1.01532
1.01345
1.00523
1.00263
1.00136
1.00043
0.999624
0.987929
1.0083
1.00584
1.00641
0.996854
1.01337
1.00616
0.998606
1.01077
1.0054
1.00715
0.989107
1.00124
1.00578
1.00187
1.00211
