0.0176056
0.0459267
0.0831346
0.109998
0.135796
0.171433
0.19209
0.213385
0.241736
0.279003
0.303375
0.327038
0.35039
0.379365
0.41462
0.44831
0.467983
0.4827
0.506161
0.53304
0.556094
0.575368
0.602319
0.625186
0.649016
0.671916
0.689512
0.708714
0.738893
0.761788
0.785104
0.795904
0.821488
0.834291
0.853258
0.868991
0.892904
0.916763
0.92743
0.95091
0.953677
0.972921
0.97184
0.972975
0.985961
1.00096
0.997772
1.00395
0.990747
1.00802
0.997169
0.997113
0.998013
0.999493
0.999776
1.00423
1.00598
0.989606
1.0118
1.00972
1.00003
1.00302
1.00272
0.99776
1.0017
1.00236
0.99438
1.00467
0.997154
1.00368
0.996727
1.00284
1.00252
0.998505
0.997025
0.996094
0.997543
1.00018
1.00737
0.997151
1.00135
1.01084
1.00228
1.00832
0.994637
1.00418
1.00447
1.00546
0.99557
1.00929
1.00035
0.993829
1.00296
1.00257
1.00216
1.00124
1.00572
1.00075
1.00216
1.00378
