0
0
0.017094
0.05
0.0585106
0.0559441
0.102719
0.0771429
0.100756
0.118056
0.152688
0.162791
0.178876
0.216172
0.21189
0.205797
0.211564
0.241335
0.203163
0.233677
0.244086
0.249747
0.253092
0.30226
0.281421
0.279963
0.311037
0.347611
0.358704
0.351474
0.359602
0.369274
0.39727
0.408022
0.436726
0.396147
0.42
0.476281
0.42966
0.498544
0.458721
0.531632
0.479178
0.496377
0.526509
0.534316
0.555893
0.533981
0.60331
0.526664
0.580764
0.579911
0.636405
0.639286
0.632504
0.644958
0.64866
0.621406
0.662162
0.687047
0.668059
0.716667
0.703095
0.704716
0.705589
0.738428
0.74876
0.790548
0.721216
0.792407
0.758691
0.779813
0.822988
0.801721
0.8217
0.802035
0.844666
0.87247
0.824707
0.876942
0.830387
0.894121
0.838586
0.929543
0.909198
0.932737
0.906118
0.962622
0.954785
0.931689
0.923621
0.951778
0.960386
0.927164
1.02215
0.954955
0.987404
0.991003
0.99532
0.955342
