1.574
4.964
8.134
11.533
14.873
18.125
21.131
24.308
27.657
30.829
34.062
37.394
40.417
44.016
46.839
49.963
52.887
56.184
59.288
62.714
66.122
68.972
72.01
75.395
78.432
80.428
84.29
87.238
90.27
93.272
96.07
99.899
102.039
105.324
108.719
112.129
115.05
117.986
121.115
123.384
126.001
129.608
132.149
135.849
138.767
140.804
143.27
146.195
150.38
152.374
155.929
158.422
161.225
164.265
167.237
170.161
172.272
175.947
178.531
180.982
184.152
187.187
189.577
192.351
195.284
197.517
200.57
202.922
206.604
208.912
211.766
214.157
216.464
218.898
222.454
224.86
227.103
229.703
233.17
235.908
237.531
240.089
243.665
245.378
249.052
251.453
253.946
255.584
258.865
261.134
264.149
267.517
268.421
271.145
273.784
277.26
279.718
281.603
284.25
287.394
