0.00103871
0.00099778
0.00100711
0.00100881
0.000994248
0.00158724
0.0116322
0.0446529
0.0993202
0.208194
0.307436
0.362704
0.434213
0.570143
0.741786
0.926204
1.10757
1.26946
1.36888
1.33236
1.16354
0.989747
0.930502
0.940601
0.953381
0.950037
0.920168
0.902022
0.944301
1.01513
1.08162
1.08982
1.05481
1.00768
0.990926
0.992518
0.993931
0.984092
0.971218
0.96844
0.982857
1.01079
1.03222
1.03385
1.01792
1.008
0.995299
0.991554
0.991621
0.994036
0.990073
0.991573
1.00135
1.00866
1.0101
1.01367
1.01072
1.00852
1.00125
0.998191
0.986947
0.991993
0.99889
1.00046
1.0038
1.00368
1.00037
0.999726
1.00528
1.01271
1.00958
1.00265
0.994358
0.994919
1.00059
1.00383
1.00554
1.00449
1.00358
1.00196
1.00049
1.00019
0.998872
0.999506
0.999199
0.996151
0.999563
1.00817
1.00673
1.003
1.00073
0.997403
1.00075
0.998979
1.00479
1.00593
0.999387
0.997201
0.997896
1.00565
