1.29043e-05
0.00165208
0.00373755
0.00866111
0.0144382
0.0209508
0.0302041
0.0417619
0.0550409
0.0739483
0.0954233
0.118152
0.167184
0.364818
0.656026
0.942732
1.19569
1.418
1.64597
1.86851
1.52828
0.947694
0.725595
0.629772
0.593683
0.630079
0.764089
0.91169
1.05539
1.17978
1.29815
1.40296
1.49131
1.059
0.793229
0.734217
0.740592
0.756589
0.825983
0.920674
1.0132
1.09967
1.17819
1.25692
1.3304
1.22549
0.864334
0.804251
0.811537
0.819655
0.848082
0.918382
0.986116
1.05035
1.11073
1.17358
1.22784
1.26996
0.96554
0.849575
0.849098
0.860056
0.86702
0.91037
0.967563
1.01928
1.06935
1.11776
1.16378
1.20995
1.12287
0.882411
0.874692
0.881685
0.884668
0.906724
0.951798
0.997503
1.04152
1.08199
1.11957
1.15757
1.18472
0.95514
0.891542
0.896305
0.900522
0.909744
0.940943
0.97839
1.0153
1.05221
1.08789
1.12305
1.1537
1.08144
0.906924
0.909862
0.910892
0.9175
