0.0451613
0.0884872
0.131163
0.177657
0.23595
0.295872
0.347855
0.395433
0.451423
0.507357
0.565013
0.624363
0.693588
0.750322
0.802791
0.855135
0.897113
0.935832
0.956945
0.977637
0.993734
0.99644
1.00041
1.0045
1.00169
0.99772
1.00352
0.993911
1.00293
1.00033
1.0012
0.99741
1.00239
1.0032
1.00471
1.00374
1.00197
1.00218
0.998396
1.00019
1.00154
1.00367
1.00081
1.00271
1.00321
1.0013
1.00248
1.00203
1.00175
1.00114
1.00054
1.00312
0.999622
1.00038
1.00143
1.00329
1.00274
1.00042
0.999544
1.00198
1.00076
1.00393
1.00175
1.00183
1.00093
1.00155
1.00251
1.00126
1.00128
1.00303
1.00188
1.00094
1.00013
1.00167
1.00065
0.99903
1.00221
1.00241
1.00324
1.00172
1.00095
1.00186
0.999769
1.00064
1.00091
1.00027
1.00021
1.00186
1.00243
1.00116
0.999817
1.00057
1.00204
0.999973
1.00155
1.00277
1.00128
1.00298
0.9988
1.00301
