0.0129043
0.0662871
0.120917
0.16504
0.218096
0.283159
0.329834
0.387346
0.443526
0.502763
0.567438
0.629015
0.685318
0.743098
0.802469
0.851358
0.89827
0.935814
0.964105
0.979743
0.997931
0.998055
1.00102
1.00458
1.0059
0.997758
1.00661
0.999398
1.00231
0.998577
1.00174
1.00108
1.00395
1.00154
1.00354
1.0071
1.00407
0.999052
1.00243
1.00042
1.00163
1.00556
1.00296
1.00384
1.00501
1.00427
1.00366
1.00167
1.00189
1.00253
0.99967
1.0035
1.002
1.00466
1.00146
1.00539
1.00475
1.00053
0.999959
1.00488
1.00011
1.00462
1.00276
1.00201
1.00221
1.00209
1.00283
1.00275
1.00032
1.00257
1.00341
1.00352
1.00196
1.00574
1.00151
1.0003
1.00379
1.0017
1.00282
1.0035
1.00139
1.0014
1.00033
1.00217
1.00414
1.00242
1.00098
1.00302
1.00214
1.00161
1.00166
1.00154
1.00449
1.00177
1.00165
1.00218
1.00201
1.00339
1.00023
1.00195
