4.158
27.843
74.571
143.016
231.954
339.806
465.714
608.926
767.537
940.278
1125.15
1325.12
1537.59
1757.85
1986.89
2227.53
2472.49
2725.24
2980.08
3239.16
3508.57
3774.94
4045.55
4315.56
4583.07
4849.77
5121.31
5381.26
5640.13
5900.94
6154.94
6392.3
6632.81
6865.99
7087.07
7299.4
7507.58
7702.47
7883.41
8064.92
8225.34
8370.68
8511.35
8628.26
8737.12
8827.05
8914.18
8972.66
9020.02
9050.3
9069.87
9067.07
9046.9
9016.82
8978.91
8926.42
8870.15
8800.53
8721.72
8644.25
8562.43
8473.99
8376.57
8273.92
8172.04
8061.2
7948.54
7832.26
7696.41
7544.32
7383.04
7219.41
7023.47
6826.41
6616.19
6393.28
6161.13
5921.12
5674.22
5415.21
5154.22
4889.71
4614.1
4343.14
4072.61
3801.15
3533.77
3262.18
2998.43
2736
2483.6
2236.07
1998.33
1772.58
1560.89
1361.83
1176.11
1007.66
855.125
724.75
