2.074
14.058
37.902
71.753
117.945
173.652
239.222
313.012
396.066
489.242
587.539
694.435
808.548
929.714
1056.1
1187.36
1326.43
1470.3
1618
1768.09
1921.39
2084.2
2246.07
2411.62
2577.41
2746.54
2915.11
3088.23
3260.98
3433.18
3608.1
3779.09
3957.05
4123.54
4293.35
4463.68
4631.81
4801.05
4960.5
5125.13
5279.79
5436.39
5587.35
5740.02
5883.1
6025.81
6160.77
6293.48
6420.8
6538.94
6660.48
6772.09
6874.47
6977.55
7072.25
7157.8
7238.17
7315.7
7389.61
7441.78
7499.66
7548.8
7590.41
7618.99
7643.94
7663.56
7671.28
7674.48
7666.41
7648.67
7627.05
7591.98
7561.4
7510.52
7449.72
7392.25
7321.96
7241.47
7162.06
7065.58
6964.78
6853.22
6743.6
6619.74
6495.74
6363.18
6223.44
6077.28
5925.57
5769.93
5607.1
5440.17
5269.49
5090.97
4910.2
4725.92
4541.62
4347.4
4157.29
3962.42
