362.676
1074.27
1761.3
2415.12
3045.94
3645.06
4222.81
4775.43
5297.59
5796.83
6269.71
6717.94
7145.32
7546.91
7920.95
8270.61
8599.16
8910.34
9191.87
9454.11
9689.5
9902.7
10101.2
10272.7
10426.5
10560
10677.6
10764.4
10839.6
10898.7
10931.5
10940.2
10943.4
10923.7
10891.8
10836.3
10759.9
10673.3
10576
10453.5
10316.7
10170.6
10000.3
9816.11
9623.59
9412.97
9186.69
8940.66
8703.81
8437.55
8160.88
7871.34
7569.26
7257.64
6933
6599.65
6259.26
5903.65
5536.94
5164.37
4785.49
4389.96
3995.18
3583.3
3168.01
2736.11
2308.54
1944.82
1668.88
1434.81
1232.37
1061.04
908.333
773.775
657.246
554.004
463.542
383.922
316.657
257.993
206.072
162.959
126.787
95.739
71.205
51.018
35.342
23.36
14.199
8.016
4.047
1.565
0.44
0.046
0
0
0
0
0
0
