149.332
737.822
1461.43
2129.28
2773.72
3383.67
3971.97
4534.89
5066.84
5583.58
6065.57
6524.36
6956.05
7375.62
7761.18
8116.65
8458.61
8775.31
9068.35
9341.62
9589.5
9809.04
10017.4
10199.5
10362.6
10503.9
10626.8
10729.8
10808.8
10873.6
10917.9
10941.7
10943.4
10934
10907.6
10864
10793.5
10709.2
10621.5
10514.2
10378.3
10235.1
10076.8
9901.54
9706.58
9508.46
9289.85
9048.72
8808.65
8553.63
8287.3
7998.84
7704.6
7397.15
7074.04
6748.91
6408.74
6062.53
5696.91
5332.92
4951.71
4565.78
4166.93
3768.51
3350.24
2928.09
2495.15
2091.67
1783.48
1533.81
1319.63
1132.66
973.916
830.775
706.35
598.174
501.868
417.218
345.689
282.557
228.351
180.956
141.791
108.898
81.199
59.74
41.78
28.146
17.929
10.486
5.636
2.463
0.845
0.151
0.007
0
0
0
0
0
