0.465
3.153
8.295
15.772
25.035
35.708
48.135
61.487
75.663
90.802
105.771
121.21
135.791
152.032
168.228
186.015
205.809
226.78
248.983
271.428
290.773
312.114
333.253
351.591
369.65
389.42
405.461
424.994
440.806
459.813
476.808
493.834
511.158
528.007
544.398
560.49
577.869
595.082
611.463
628.309
643.055
658.73
675.014
690.691
705.81
721.352
737.939
753.523
768.247
782.709
799.717
813.883
828.32
841.707
857.605
870.307
885.015
900.826
916.165
926.212
942.941
953.577
968.42
983.279
994.99
1008.15
1021.2
1034.88
1048.81
1059.45
1071.78
1085.56
1097.9
1110.22
1123.19
1136.31
1143.8
1157.53
1167.49
1180.64
1194.47
1204.54
1216.43
1226.79
1237.4
1250.45
1261.45
1268.46
1280
1292.78
1303.33
1313.12
1321.15
1331.23
1341.67
1350.12
1361.95
1369.96
1382.88
1389.23
