19.853
133.746
345.266
640.12
999.173
1411.61
1856.52
2323.49
2792.63
3251.55
3692.07
4129.06
4595.21
5121.16
5682.04
6231.18
6753.61
7245.41
7690.6
8084.65
8430.44
8746.57
9045.24
9313.62
9557.41
9783.26
9993.23
10171.3
10336.7
10482.1
10607.2
10702.3
10784.6
10848.7
10900.5
10920.2
10920.3
10912.1
10881
10845.4
10775.1
10693
10604.5
10492
10355.6
10219
10055.2
9886.31
9690.77
9493.33
9269.3
9038.16
8792.68
8537.21
8273.03
7985.07
7695.1
7384.14
7061.59
6737.44
6392.12
6048.29
5689.8
5319.89
4941.62
4551.36
4155.93
3753.75
3345.63
2939.2
2545.37
2178.04
1850.96
1576.54
1354.02
1162.15
995.172
850.622
724.746
612.115
516.499
430.467
356.888
292.572
237.025
190.301
149.338
115.675
87.649
64.635
46.5
32.313
21.266
13.241
7.786
4.154
1.916
0.763
0.209
0.022
