1.29043e-11
1.65208e-09
3.73755e-09
8.66111e-09
1.44382e-08
2.09508e-08
3.02041e-08
4.17619e-08
0.0164546
0.102256
0.236095
0.406105
0.723322
1.02662
1.17471
1.20454
1.1481
1.07935
1.0349
0.992967
0.979056
0.967499
0.967462
0.976381
0.98472
0.98789
0.994594
0.986492
0.995259
0.98992
0.990102
0.9891
0.989824
0.989191
0.991148
0.991362
0.988547
0.987892
0.98937
0.988256
0.990886
0.989821
0.992227
0.993026
0.993498
0.991201
0.988496
0.990294
0.989929
0.992059
0.988539
0.989654
0.991237
0.990138
0.989047
0.992746
0.991906
0.990036
0.989797
0.992427
0.98784
0.992558
0.989954
0.98998
0.987784
0.991954
0.991433
0.990026
0.988472
0.993627
0.991764
0.992352
0.991367
0.989488
0.989619
0.989756
0.99256
0.990842
0.992254
0.992842
0.989707
0.989668
0.990317
0.989948
0.991401
0.989106
0.989945
0.992862
0.992141
0.990299
0.988618
0.990084
0.990329
0.991116
0.991574
0.993225
0.991141
0.992416
0.990566
0.991399
