1.29043e-08
1.65208e-06
3.73755e-06
8.66111e-06
1.44382e-05
2.09508e-05
3.02041e-05
4.17619e-05
5.50409e-05
7.39483e-05
9.54233e-05
0.000118152
0.0560324
0.409831
0.735343
0.996502
1.20745
1.37844
1.88096
2.11827
1.14509
0.736878
0.868796
0.994657
1.11112
0.880993
0.221826
0.35322
0.621907
0.978431
1.30969
1.62697
1.92159
1.21781
1.4017
1.51035
0.111641
0.215127
0.384543
0.575923
0.888298
1.21377
1.51825
1.3798
1.36585
1.30942
1.27511
0.962482
0.488022
0.616619
0.770738
0.977787
1.27201
0.587864
0.758705
0.997346
1.29534
1.63315
1.43618
1.26796
0.928886
0.630844
0.736946
0.89256
0.392818
0.643436
0.893167
1.15288
1.47798
1.80629
1.5314
0.971721
0.557754
0.741588
0.956898
0.673439
0.667235
0.915958
1.06756
1.0829
1.32156
1.04763
1.3266
1.23618
0.840438
1.03869
1.26001
0.869561
0.425006
0.611287
0.853277
1.08566
0.900401
1.17606
1.4517
1.59158
1.20921
1.09245
0.855114
0.399961
