1.03871
0.99778
1.00711
1.00881
0.994248
0.999132
0.995409
1.00137
1.00263
0.996366
1.00019
1.00136
1.0029
0.999446
0.999761
0.993673
1.00529
1.00133
1.00103
0.999162
1.00864
1.00222
0.997523
1.00115
1.00458
0.997419
1.00218
0.997035
1.00347
1.00097
1.0019
1.0012
1.00114
0.997806
1.00167
1.00359
1.0005
0.999074
0.998784
0.997373
1.00136
1.00285
1.00198
1.00181
1.00569
1.00424
0.99971
1.00035
1.00045
1.00235
0.998373
0.999707
1.00112
0.999866
1.00204
1.00191
1.00376
1.00001
1.00011
1.00158
0.999842
1.00304
1.00017
0.997719
1.00041
1.00216
1.00192
1.0012
1.00021
1.00291
1.00427
0.999406
0.999462
1.00055
1.0015
0.99726
1.00296
0.999452
1.00388
1.00159
0.999161
1.00094
1.00135
1.00246
1.00085
0.999689
0.999207
1.00313
1.00016
1.00104
0.999943
1.00195
1.00317
1.00062
1.0012
1.00246
1.00004
1.00104
0.999419
1.00055
