4.51613e-05
8.84872e-05
0.000131163
0.000177657
0.00023595
0.000295872
0.000347855
0.000395433
0.000451423
0.000507357
0.000565013
0.000624363
0.0587829
0.406264
0.741732
1.00062
1.20307
1.37861
1.88443
2.11999
1.14135
0.737875
0.866088
0.997663
1.1132
0.875473
0.222931
0.354735
0.623646
0.978506
1.31672
1.63028
1.90884
1.22279
1.40546
1.50075
0.112048
0.217013
0.384727
0.575275
0.890359
1.21705
1.52163
1.37428
1.3695
1.30672
1.27641
0.960471
0.485552
0.614051
0.775928
0.980231
1.26964
0.587396
0.757677
0.998435
1.29897
1.63117
1.44081
1.26209
0.925797
0.632475
0.741142
0.88683
0.395008
0.646554
0.891924
1.15379
1.48015
1.81177
1.52735
0.964065
0.559561
0.743007
0.957163
0.673396
0.666663
0.918328
1.06807
1.08137
1.31791
1.05411
1.32474
1.23096
0.84291
1.04126
1.2597
0.865778
0.425259
0.61184
0.857383
1.08275
0.901157
1.17791
1.45257
1.59141
1.20715
1.09532
0.849699
0.400399
