0.001
0.001
0.001
0.001
0.001
0.00238547
0.0240597
0.297141
0.469392
0.333921
0.305677
0.334035
0.440878
0.827536
1.51937
2.13406
1.72315
1.16926
0.905285
0.823449
0.864264
1.06534
1.14806
1.12572
0.910322
0.713856
0.68405
0.739321
0.955974
1.17467
1.20489
1.20567
1.04833
0.984883
0.932318
0.995318
1.04082
1.09863
0.991191
0.971152
0.894428
0.909611
0.927568
0.971288
1.06808
1.09436
1.03427
1.04608
1.01301
0.98193
1.00556
0.995409
0.99339
1.00554
0.961861
0.980022
1.00052
0.982268
1.0059
0.995698
1.02363
0.990716
1.02955
1.0266
1.04005
1.02502
0.966083
0.964343
0.969226
1.00043
1.00094
1.0105
1.02468
0.99856
0.996381
0.965686
0.974017
1.03394
1.02629
1.03654
1.02946
0.976851
0.988343
0.964759
1.01902
1.00427
1.00803
1.01283
0.991435
0.987831
1.02544
0.98775
1.00133
1.00953
1.0007
1.03243
0.980445
0.984661
0.976317
0.992228
