0.000955798
0.00371501
0.00929863
0.0158165
0.0274089
0.0399374
0.0546882
0.0748139
0.0962152
0.121475
0.147958
0.17868
0.214232
0.24978
0.28661
3.84988
3.30824
1.7255
1.17068
0.888711
0.70889
0.58018
0.532142
0.555888
0.574691
0.596832
0.616083
0.634388
0.652016
0.66831
0.812467
3.8885
1.75631
1.08624
0.789836
0.6998
0.713328
0.720679
0.734789
0.744385
0.758721
0.763595
0.77118
0.779569
0.785677
0.789455
1.88569
2.63818
1.14801
0.810838
0.784309
0.79282
0.802577
0.806816
0.815627
0.822468
0.833828
0.832147
0.836592
0.837288
0.84762
0.847783
2.70425
1.46501
0.867944
0.829345
0.836243
0.842957
0.848061
0.858392
0.857958
0.866284
0.868888
0.871706
0.871294
0.877658
0.876238
1.12438
2.52449
1.0002
0.856475
0.864493
0.869862
0.873273
0.879355
0.881091
0.890327
0.891541
0.893401
0.895963
0.896937
0.900989
0.900925
1.91515
1.5747
0.879176
0.880703
0.885317
0.893805
0.897154
