0.053992
0.123608
0.194012
0.268008
0.335208
0.401548
0.466216
0.526973
0.590194
0.652268
0.702281
0.754581
0.81405
0.857359
0.908293
0.945593
0.98138
0.983722
0.98883
1.00083
0.999718
1.00034
0.99902
1.00683
1.0036
1.00102
0.998903
1.00086
1.00032
1.0049
0.996141
0.997848
1.00245
1.00105
1.0026
1.00074
1.00349
1.00429
1.00134
1.00108
1.00541
1.00261
0.999333
1.00279
1.00309
0.999613
1.00355
1.00085
1.00213
0.999524
1.00098
1.00343
1.00415
1.00218
1.0024
0.999151
0.999592
1.0005
1.00089
1.00006
1.00497
1.00133
1.00229
1.00161
0.999723
1.00228
0.999655
1.0031
1.00009
1.00221
1.00128
1.00136
1.00254
1.00234
1.00063
1.00343
1.00315
1.0006
1.00164
1.0008
1.0006
1.00135
1.00156
1.00334
0.999016
1.00094
1.00372
1.00101
1.00179
1.00296
1.0006
1.00222
1.00274
0.999977
1.00122
1.00005
1.00052
0.997871
1.00174
1.00221
