0.038086
0.104898
0.17686
0.257159
0.325532
0.388633
0.455865
0.528241
0.589444
0.648635
0.697924
0.755213
0.81118
0.858478
0.910216
0.944278
0.983253
0.988677
0.995619
1.00156
1.00367
1.00029
0.999281
1.00962
1.00428
1.00408
1.00134
1.00248
1.00374
1.00187
0.998455
1.00103
1.00119
1.00412
1.00026
1.00221
1.00586
1.00305
1.00484
1.00161
1.00333
1.00194
1.00403
1.00666
1.00392
1.00091
1.00485
1.00282
1.0022
1.00208
1.00257
1.00112
1.00333
1.00298
1.00341
1.00128
1.00197
0.998884
1.00426
1.00248
1.00689
1.00314
1.00509
1.00303
1.0023
1.00466
0.998495
1.00334
1.00244
1.00212
1.00048
1.00192
1.0025
1.00357
1.00246
1.00374
1.00307
1.00109
1.00057
1.00233
1.0051
1.00186
1.00296
1.00241
1.00273
1.0007
1.00456
1.00186
1.00426
1.00374
1.00136
1.00314
1.00286
1.00157
1.0014
1.00078
1.00371
0.999105
1.0023
1.00543
