6.538
19.667
32.998
45.439
58.486
71.456
84.433
96.802
109.071
122.002
135.094
147.405
158.86
171.528
183.542
195.969
207.363
220.848
233.036
244.499
255.609
267.998
279.571
289.465
302.754
314.351
325.49
337.398
348.219
359.513
371.339
381.928
392.801
403.492
415.516
425.923
435.362
447.314
456.806
469.078
477.62
489.043
500.505
509.53
519.999
531.666
539.566
551.044
561.321
571.644
581.403
590.009
599.729
610.776
619.848
630.279
639.362
649.476
658.538
668.591
675.529
686.685
694.294
704.773
713.656
721.719
734.093
740.481
750.141
757.999
768.33
774.331
783.918
791.077
801.982
809.192
817.265
826.123
834.799
843.409
849.913
858.866
866.175
874.886
884.463
891.11
896.727
906.174
912.859
919.46
929.165
935.674
943.118
951.403
958.294
967.219
972.41
982.009
986.589
992.553
