0.00428266
0.0044745
0.00424269
0.0037413
0.00357353
0.00342872
0.00281886
0.00273762
0.00284228
0.00257385
1.49867
1.38339
1.28899
1.20816
1.12979
1.07249
1.01962
0.972331
0.946022
0.938033
0.950319
0.966594
0.986036
0.994618
0.994808
0.99514
0.99444
0.990537
0.992451
0.988137
0.986835
0.992738
0.987642
0.989005
0.996911
0.989691
0.991422
0.986681
0.990325
0.987826
0.994193
0.987114
0.989713
0.989821
0.993983
0.988324
0.995022
0.989049
0.987664
0.993294
0.991317
0.989864
0.991897
0.98912
0.988942
0.988539
0.993795
0.988418
0.989599
0.990013
0.992032
0.989018
0.991936
0.989008
0.995628
0.990176
0.988931
0.990157
0.988243
0.993699
0.986181
0.992501
0.992017
0.990258
0.98969
0.990137
0.990744
0.988836
0.993878
0.993321
0.989297
0.988522
0.991543
0.989585
0.992517
0.991257
0.992153
0.98834
0.992157
0.990733
0.98962
0.993449
0.990853
0.990469
0.989305
0.992537
0.991233
0.987419
0.992939
0.990542
