9.55798e-07
3.71501e-06
9.29863e-06
1.58165e-05
2.74089e-05
3.99374e-05
5.46882e-05
7.48139e-05
9.62152e-05
0.000121475
0.000147958
0.00017868
0.000214232
0.00024978
0.00028661
10.1279
0.00330824
0.0017255
0.00117068
0.000888711
0.00070889
0.00058018
6.87535
0.000555888
0.000574691
0.000596832
0.000616083
0.000634388
0.000652016
0.00066831
0.000812467
5.03101
0.00175631
0.00108624
8.95351
0.0006998
0.000713328
0.000720679
0.000734789
0.000744385
0.000758721
0.000763595
0.00077118
0.000779569
3.46233
0.000789455
3.44169
0.00263818
0.00114801
6.29144
0.000784309
0.00079282
0.000802577
0.000806816
0.000815627
0.000822468
5.44376
0.000832147
0.000836592
0.000837288
0.00084762
0.000847783
2.58374
0.00146501
4.86596
0.000829345
2.2921
0.000842957
0.000848061
4.43358
0.000857958
0.000866284
0.000868888
0.000871706
0.000871294
0.000877658
0.000876238
0.00112438
5.96324
3.9706
0.000856475
0.000864493
0.000869862
0.000873273
3.66412
0.000881091
0.000890327
0.000891541
1.71857
0.000895963
0.000896937
3.34822
0.000900925
1.75091
0.0015747
3.33415
0.000880703
0.000885317
3.1633
0.000897154
