5.3992e-05
0.000123608
0.000194012
0.000268008
0.000335208
0.000401548
0.000466216
0.000526973
0.000590194
0.000652268
0.000702281
0.000754581
0.00081405
0.000857359
0.000908293
10.125
0.00098138
0.000983722
0.00098883
0.00100083
0.000999718
0.00100034
6.87582
0.00100683
0.0010036
0.00100102
0.000998903
0.00100086
0.00100032
0.0010049
0.000996141
5.02812
0.00100245
0.00100105
8.95373
0.00100074
0.00100349
0.00100429
0.00100134
0.00100108
0.00100541
0.00100261
0.000999333
0.00100279
3.46255
0.000999613
3.44081
0.00100085
0.00100213
6.29163
0.00100098
0.00100343
0.00100415
0.00100218
0.0010024
0.000999151
5.44393
0.0010005
0.00100089
0.00100006
0.00100497
0.00100133
2.58204
0.00100161
4.86609
0.00100228
2.29226
0.0010031
0.00100009
4.43373
0.00100128
0.00100136
0.00100254
0.00100234
0.00100063
0.00100343
0.00100315
0.0010006
5.96172
3.97061
0.0010006
0.00100135
0.00100156
0.00100334
3.66424
0.00100094
0.00100372
0.00100101
1.71868
0.00100296
0.0010006
3.34832
0.00100274
1.75
0.00100122
3.33427
0.00100052
0.000997871
3.16341
0.00100221
