0.001
0.001
0.00576241
0.215965
0.299009
0.40291
1.05246
1.18691
1.01523
1.02583
1.00577
0.922832
0.962753
1.05519
1.01258
1.0014
1.01072
0.971287
0.979099
1.0094
1.00937
1.01389
1.01233
0.985428
0.972431
1.01424
1.03396
1.00591
0.992475
0.980567
1.00346
1.00573
1.00517
1.00497
1.01087
1.00863
0.988013
0.994719
0.995369
1.01022
1.00245
1.00824
0.991514
1.01357
1.00854
0.996644
1.00151
1.01018
0.994023
1.01655
0.994302
0.995116
1.00094
1.00595
1.00897
0.999658
1.00676
1.0082
0.997288
0.992559
1.01381
1.00525
1.00112
1.01447
1.00259
0.98905
0.998122
1.01608
0.99804
1.00676
1.00327
1.00133
1.0081
1.00074
1.00372
1.00023
0.997382
1.01376
0.997089
1.01895
0.99614
1.00451
1.00549
1.00366
1.00045
1.00136
1.01263
1.00264
0.994135
1.01101
1.00321
1.00376
1.00828
1.00978
1.00624
1.0034
1.00241
1.00325
0.999333
1.00311
