0.00271161
0.0132766
0.0339304
0.0664296
0.108794
0.162624
1.09447
1.59703
1.20256
0.946458
0.803854
0.741661
0.734537
1.41587
1.17653
1.00471
0.925213
0.88115
0.852487
1.07124
1.18924
1.04026
0.97263
0.937518
0.917069
0.899176
1.17984
1.06697
1.00311
0.966701
0.950691
0.93761
1.00055
1.12232
1.02549
0.989133
0.969425
0.958545
0.948209
1.07122
1.05744
1.00659
0.988117
0.976634
0.965282
0.959777
1.09091
1.03167
1.00113
0.987216
0.977661
0.968752
0.969975
1.08702
1.02087
0.999463
0.989069
0.981029
0.974656
0.986295
1.06996
1.01593
0.997767
0.990911
0.984766
0.979585
0.985831
1.0634
1.01362
0.99938
0.992233
0.987101
0.985435
0.979749
1.05671
1.01475
1.0029
0.994444
0.989998
0.987394
0.982844
1.04021
1.02045
1.00365
0.99709
0.992393
0.988991
0.987047
1.00519
1.03901
1.00944
1.00069
0.994986
0.991678
0.989458
0.988746
1.03094
1.01991
1.00638
0.998546
