0.107183
0.23511
0.373547
0.500068
0.619935
0.724997
0.828154
0.895755
0.937323
0.959282
0.973558
0.9813
0.984465
0.9882
0.993525
0.995253
0.998626
0.996511
0.999823
0.997145
0.998804
0.999377
1.00015
0.999091
1.00062
0.998171
1.00213
0.998891
1.00076
0.999257
1.00178
1.00407
1.0025
1.00177
0.999358
0.999086
0.999434
1.00311
1.00058
1.00123
1.00158
1.00142
0.999649
1.00203
1.00123
1.00322
1.00171
1.00152
1.00124
1.00194
1.00146
0.998881
1.00146
1.00335
1.00208
0.999446
1.00197
1.00133
1.00163
1.00245
1.0012
1.00226
1.00127
1.00161
1.0017
1.00195
1.00189
1.0012
1.00145
1.0027
1.00049
1.00128
1.00347
1.00085
1.00077
1.00006
1.00343
1.00057
1.00079
1.0028
1.00117
1.00209
1.00134
1.00221
1.00234
1.00203
1.00099
1.00251
1.00058
1.00033
1.00219
1.00128
1.00221
1.00229
1.00055
1.00311
1.00171
1.00183
1.00344
1.00111
