0.0908712
0.218837
0.360199
0.489254
0.607987
0.723408
0.822728
0.897659
0.939506
0.960109
0.972759
0.982116
0.987574
0.989683
0.996451
0.99342
0.997984
0.999038
0.99789
1.00001
1.0014
0.99978
1.00128
1.00215
1.00014
1.0026
1.00236
0.998439
1.00217
1.00019
1.00259
1.00501
1.00337
1.00111
1.00156
1.00075
1.00132
1.00289
1.00174
1.00318
1.00177
1.00169
1.00265
1.00444
1.00288
1.00342
1.003
1.00197
1.00292
1.00243
1.0035
1.00055
1.00132
1.00532
1.00143
1.00185
1.00381
1.00202
1.00205
1.00231
1.00273
1.00471
1.00374
1.00189
1.0029
1.00254
1.0034
1.00197
1.00248
1.00325
1.00404
1.00177
1.00318
1.00157
1.00276
1.00242
1.0046
1.00217
1.00233
1.00345
1.00289
1.00221
1.00257
1.00286
1.00292
1.00244
1.00362
1.00265
1.00237
1.00271
1.00252
1.00238
1.00298
1.00377
1.00226
1.00389
1.00311
1.00201
1.00426
1.00198
