18.697
56.901
94.28
131.998
169.921
206.892
244.672
281.789
318.667
356.503
394.635
431.809
467.641
505.689
540.841
580.097
614.464
650.683
689.169
723.869
761.528
796.571
833.019
868.064
902.705
940.108
973.988
1009.62
1043.45
1079.44
1110.24
1142.88
1178.56
1212.66
1246.16
1279.93
1312.56
1343.15
1377.17
1406.41
1439.15
1471.14
1500.27
1529.62
1561.37
1589.96
1620.68
1651.08
1679.28
1706.89
1736.11
1767.59
1792.71
1816.16
1845.74
1872.43
1897.27
1923.87
1950.17
1973.06
1999.53
2020.92
2046.18
2069.22
2092.2
2116.61
2136.24
2159.27
2181.14
2199.44
2220.84
2241.09
2259.34
2281.65
2300.1
2319.3
2331.57
2353.68
2370.81
2384.22
2401.52
2416.92
2435.17
2447.61
2463.47
2476.56
2489.81
2502.01
2516.11
2528.3
2538.77
2550.12
2559.87
2572.09
2583
2590.1
2599.32
2610.41
2614.25
2625.48
