0.0044927
0.00409484
0.00335175
0.00258344
0.472955
0.946711
1.00932
0.989472
0.961852
0.962102
0.965751
0.97178
0.973823
0.974662
0.97609
0.974524
0.976813
0.978041
0.974733
0.978616
0.975054
0.976027
0.976311
0.977181
0.976977
0.976217
0.97767
0.976159
0.976088
0.975799
0.977272
0.978404
0.977856
0.978609
0.975767
0.978091
0.975413
0.977639
0.975779
0.978002
0.977768
0.976801
0.978726
0.978803
0.977361
0.977795
0.979634
0.977946
0.976728
0.978171
0.976857
0.976967
0.977551
0.979702
0.977109
0.977427
0.979413
0.979083
0.976699
0.976797
0.978008
0.97982
0.978006
0.978559
0.979629
0.976528
0.978848
0.977953
0.977605
0.979951
0.979436
0.97744
0.979892
0.97693
0.979187
0.978052
0.980384
0.977793
0.978541
0.98002
0.978328
0.979857
0.978586
0.978532
0.979078
0.978731
0.979873
0.979429
0.979498
0.979233
0.97989
0.980273
0.979466
0.979785
0.979123
0.980387
0.980597
0.979092
0.981459
0.980554
