2.71161e-06
1.32766e-05
3.39304e-05
6.64296e-05
0.000108794
0.000162624
2.35527
1.36432
0.804549
1.17345
1.0144
0.482436
0.616592
1.44104
1.00702
1.6559
0.599821
0.836926
0.766993
0.962571
1.25656
1.22629
0.932524
0.94096
1.08211
0.715711
1.02789
1.04898
1.05903
1.20159
0.930479
0.707927
0.869858
1.21828
0.996078
1.08854
0.756746
1.02541
0.782259
1.37193
1.16841
0.952648
1.32875
0.832553
0.969349
0.745633
1.14999
0.960405
1.08718
1.06491
1.06312
0.924261
0.862233
1.15517
1.05859
0.91532
0.901228
1.04887
0.796804
1.04302
1.09133
1.20047
1.10745
1.0468
0.823084
0.897698
1.07577
1.13108
0.985817
0.939418
1.07806
0.89698
0.995965
1.00727
0.969709
1.13756
0.935993
1.03427
0.945815
1.02438
1.04033
1.06189
1.12784
1.04366
0.878623
0.86994
1.0356
0.907457
1.08204
1.17021
1.08342
0.898214
1.00417
1.01806
0.835677
1.20094
0.995138
1.02461
0.860908
1.07661
