0.000107183
0.00023511
0.000373547
0.000500068
0.000619935
0.000724997
2.4353
1.34091
0.648234
1.20724
0.94908
0.647614
0.461102
1.50686
1.15506
1.3127
0.947511
0.718922
0.720873
1.13399
1.17366
1.2135
0.919301
0.912017
0.938069
0.776918
1.07771
1.22786
1.02634
1.05773
0.946206
0.80565
0.910075
1.21795
1.07411
1.05141
0.945482
0.890583
0.909162
1.01457
1.1491
1.01384
1.07318
0.938582
0.95261
0.85662
1.07638
1.08557
1.11269
0.970427
0.95378
0.930542
0.864247
1.1642
1.07274
1.01333
0.997322
0.996453
0.901793
0.926703
1.09282
1.07844
1.03003
1.02831
0.937017
0.915395
0.949862
1.08999
1.07355
1.01471
1.01003
0.956936
0.976602
0.901931
1.0582
1.08255
1.04359
1.00526
0.979402
0.943527
0.914406
1.05609
1.07847
1.02181
1.01783
0.997633
0.966499
0.937875
0.957954
1.06456
1.04751
1.05778
1.00003
0.976324
0.946085
0.947894
1.00616
1.07942
1.04583
0.991418
