1
1
1
1
1
1
1.00244
1.00134
1.00065
1.00121
1.00095
1.00065
1.00046
1.00151
1.00116
1.00131
1.00095
1.00072
1.00072
1.00113
1.00117
1.00121
1.00092
1.00091
1.00094
1.00078
1.00108
1.00123
1.00103
1.00106
1.00095
1.00081
1.00091
1.00122
1.00107
1.00105
1.00095
1.00089
1.00091
1.00101
1.00115
1.00101
1.00107
1.00094
1.00095
1.00086
1.00108
1.00109
1.00111
1.00097
1.00095
1.00093
1.00086
1.00116
1.00107
1.00101
1.001
1.001
1.0009
1.00093
1.00109
1.00108
1.00103
1.00103
1.00094
1.00092
1.00095
1.00109
1.00107
1.00101
1.00101
1.00096
1.00098
1.0009
1.00106
1.00108
1.00104
1.00101
1.00098
1.00094
1.00091
1.00106
1.00108
1.00102
1.00102
1.001
1.00097
1.00094
1.00096
1.00106
1.00105
1.00106
1.001
1.00098
1.00095
1.00095
1.00101
1.00108
1.00105
1.00099
