4.74411e-31
2.75208e-22
5.26372e-15
2.19668e-09
1.84232e-05
0.00329511
0.0380591
0.221866
0.479918
0.368956
0.356557
0.364879
0.388609
0.838626
1.50701
2.00178
1.73457
1.16719
0.967359
0.914252
0.902558
1.02429
1.10827
1.07398
0.913333
0.801033
0.652352
0.740449
0.934309
1.16183
1.25239
1.21437
1.0396
0.981854
0.94338
0.927445
1.01472
1.07421
1.0283
0.962627
0.88332
0.935173
0.958034
0.983301
1.0792
1.10891
1.14337
1.04503
0.972097
0.953576
0.942018
0.945646
0.993421
1.04361
0.942325
0.9875
0.992332
0.972253
1.04253
1.0077
0.999587
1.07539
1.03774
1.00573
1.03384
1.00423
0.990299
0.967545
0.948331
1.01747
0.958607
1.00083
1.06104
1.01295
0.964315
0.95959
0.984216
1.02141
1.02841
1.0458
1.00582
0.977759
0.989095
0.978044
1.05676
1.04585
1.00843
0.995478
0.979222
0.977431
0.98367
0.990666
0.971426
1.0103
0.99995
1.01708
1.01547
1.00492
0.98328
0.995555
