2.90511e-06
0.00133632
0.0212605
0.0228552
0.0205168
0.026288
0.0285626
0.052628
0.101301
0.12109
0.160667
0.1939
0.224016
0.226456
0.488782
3.34581
3.46318
2.19432
0.919208
0.799121
0.587078
0.626203
0.516531
0.540496
0.629219
0.625419
0.620059
0.670655
0.652906
0.634386
1.33352
3.52414
1.821
0.896241
0.809009
0.671079
0.683904
0.637569
0.706305
0.775276
0.833722
0.809152
0.855221
0.761815
0.761419
0.78121
1.84648
2.50108
1.2312
0.904079
0.746954
0.736764
0.757244
0.76947
0.778893
0.893412
0.954419
0.873761
0.835127
0.815805
0.831576
0.943835
2.23078
1.71416
0.912455
0.83093
0.801645
0.808189
0.847162
0.855066
0.875468
0.923384
0.972635
0.902723
0.819489
0.822499
0.833227
1.27337
2.17581
1.13686
0.892492
0.880814
0.858195
0.85517
0.872376
0.890657
0.926544
0.960568
0.914031
0.88878
0.869064
0.807053
0.889194
1.75595
1.65063
0.968942
0.872244
0.880869
0.894509
0.874184
