0.237251
0.235648
0.241541
0.293953
0.296082
0.344737
0.444039
0.647826
0.611823
0.693792
0.729761
0.737703
0.791309
0.776403
0.891292
0.955969
0.941902
1.06572
1.06837
1.03811
1.01085
0.890506
0.996654
0.987931
1.05942
1.03961
0.942414
0.935
0.977075
1.00337
0.966744
1.04489
1.05477
0.973636
1.03448
1.04356
1.03848
1.06677
1.03574
0.962153
1.02076
0.976658
0.94675
0.971427
0.937727
0.93699
1.00693
1.03505
1.0171
1.0095
1.01916
1.06184
1.06736
0.973541
0.988641
0.955606
1.02188
1.01692
0.990688
0.940669
0.947578
1.02264
1.03718
0.959899
0.972277
1.02259
1.06864
1.05461
1.02078
1.02575
0.98968
0.988568
0.991023
0.96542
0.962331
1.00556
1.03116
0.950838
0.999779
1.02222
0.976776
0.946566
1.00001
1.00487
0.989817
0.998018
1.0453
1.03323
1.0291
1.02012
1.01268
1.00788
1.00938
1.0183
0.996499
1.01197
0.984463
0.994718
0.994967
0.989278
