0.00329133
0.06502
0.205808
0.356198
0.379779
0.38623
0.456541
0.599924
0.613533
0.568351
0.695819
0.732131
0.779179
0.878707
0.866873
0.877457
0.930273
0.973696
1.11752
1.01602
0.947982
1.03215
1.03309
0.934579
0.971904
1.02375
0.990597
1.02469
1.02903
1.02508
1.05677
0.998394
1.03116
1.00545
0.998575
1.00794
1.02422
0.964423
0.939745
0.98166
1.02409
1.01333
1.00354
1.01312
1.03228
0.991416
1.02346
1.0115
0.973809
0.962349
0.993054
1.01429
0.990715
0.964429
0.984836
1.0304
1.01871
1.02636
1.02278
1.01692
0.99496
0.966876
0.975497
1.02805
0.975496
0.948974
0.992558
1.02558
1.02665
0.980525
0.997406
1.03719
1.00164
1.00419
0.999656
0.978546
1.03468
0.97702
1.02654
1.01082
0.976814
0.975571
0.994946
0.995393
1.00397
0.998523
0.982528
0.981072
1.01344
1.01193
1.03978
0.994232
1.02374
0.981504
0.981246
0.988934
0.976439
1.006
1.01694
1.03652
