9.98755e-29
2.26707e-20
1.69656e-13
2.7684e-08
9.01793e-05
0.00582412
0.0131329
0.00456126
0.00203923
0.24008
1.28577
1.3141
1.25776
1.23238
1.09499
1.02574
1.00368
1.00685
1.05394
0.981789
0.902602
0.922888
1.0067
1.0073
0.989235
0.939183
1.00336
0.934509
0.89496
1.00572
0.983666
1.01623
1.00416
0.981604
1.01392
0.993676
0.995326
1.01917
1.00988
1.00306
0.943677
0.968217
0.974921
0.959718
0.971366
0.937986
0.975979
1.00054
1.05917
1.05593
0.954081
0.96589
0.982439
1.03755
1.01852
0.965671
0.930758
0.962917
1.02167
0.956638
0.986548
0.962921
0.981217
0.981199
0.992395
0.958709
0.958097
0.963505
1.01493
1.02675
0.981667
1.02692
1.02974
0.946836
0.966029
0.97101
0.977552
0.959476
0.911262
0.927348
0.988995
1.00964
1.02141
1.03359
0.985669
0.988338
0.99288
0.962662
0.960879
0.96157
0.986471
1.0095
0.992949
0.984426
0.981501
0.950293
0.975338
0.977316
1.00236
0.955707
