4.76851e-197
4.06065e-172
1.14e-148
6.97847e-127
8.51965e-107
2.00402e-88
8.92904e-72
7.46336e-57
1.16326e-43
3.36743e-32
1.80544e-22
1.78915e-14
3.27214e-08
0.00110314
0.684919
7.82607
1.64469
0.00635398
4.51117e-07
8.70282e-06
0.0364834
2.80795
3.96686
0.102846
4.8926e-05
4.27012e-10
6.84836e-17
2.77378e-12
1.18725e-06
0.00931913
1.34131
3.53977
0.171322
0.11726
4.86891
3.71076
0.0518399
1.32744e-05
6.23015e-11
5.58138e-18
4.19826e-12
1.4538e-06
0.00922611
1.07299
2.28683
0.152863
2.06504
1.23299
0.986591
4.94074
0.459613
0.000783406
2.44672e-08
4.65529e-07
0.00525342
1.0862
4.11472
0.285583
0.000363144
4.10536e-08
0.000708038
0.281791
2.05707
0.988121
3.83793
0.907941
1.68086
0.097522
0.0806537
2.65909
1.6081
0.0178158
3.61583e-06
1.34436e-11
1.91015e-11
5.07236e-06
0.0246749
2.19912
3.79447
3.09343
0.797055
0.00389932
0.0134603
1.29129
2.2693
0.0730544
0.00115584
0.284773
1.33499
0.12997
1.28223
1.96396
0.116902
1.25455
1.93673
1.75718
0.0379555
0.0773925
2.07127
2.32439
