1.43303
1.29731
1.10958
0.911797
0.832857
0.843504
0.888595
0.919088
1.04438
1.03366
1.08136
1.08517
1.07799
1.07553
0.987926
0.966879
1.03017
1.02593
1.05714
0.948979
0.955712
1.01062
1.00209
0.931423
1.03167
0.978924
1.00827
0.960355
0.947863
1.00251
1.00247
0.957809
0.931721
0.977809
1.01982
0.973915
0.939003
0.965224
0.97727
1.01319
0.977727
0.981749
0.995626
0.983743
1.00326
0.952522
1.0054
1.00023
1.06188
1.01474
0.971577
1.01572
0.968236
1.00011
1.02359
0.98272
1.00248
1.03887
1.02375
0.979555
0.96297
0.966918
0.981606
1.02523
0.984287
0.997384
1.00119
1.0163
0.989745
1.02652
1.00883
0.995953
1.02368
0.970587
0.962933
0.937607
0.954303
0.961009
0.945488
0.970874
1.02136
1.00358
0.980909
1.00916
0.99757
0.99763
1.02354
0.978948
0.988442
0.992906
1.02174
1.05037
0.979197
0.999717
0.993891
1.01484
0.991847
0.984202
1.01128
1.0081
