3.483e-28
2.6004e-13
0.00442729
1136.83
4026.97
5370.5
51463.8
65674.4
54880.8
44793.9
59599.7
73249.4
66864.9
60531.4
77694.2
75923.8
47072.5
65301.7
63496.4
74223.6
75802.4
63574
68884.7
75098.6
69377
63449.6
62383.9
60154.3
55528.5
81371
54667.8
64874.6
75829.3
65103.8
64425.5
63466.9
70204.5
76667.1
60562.2
75220.7
69018.9
77589.8
72412.5
74749.6
66930.8
60256
62501.2
60506.5
66313.6
80876.7
76420.8
70818.1
66182.6
73701.2
66241.5
63461.1
61375.8
58616.2
76634.4
61541.3
63923.8
70818.8
67888.5
69752.2
60146.2
73653.8
66422.5
68141.5
74805.6
66408.5
62173.1
65839.7
56379.2
72088.1
66101.9
76730.3
68419.4
76101.7
70383.3
68327.4
64832.6
60259.7
72974
73777
79172.7
64548.6
58636.5
69069.7
67874.1
70475.3
65263.2
67273.4
78493.5
62181
72070.8
69605.3
70625.5
64736.6
60967.7
75702.7
