1.17799
1.08102
1.09501
1.15282
1.27974
1.48325
1.17374
1.04063
1.14439
1.35088
1.55153
1.4746
1.34187
1.35608
1.53481
1.61517
1.38586
1.41977
1.3578
1.30003
1.47
1.78074
2.22209
2.01702
1.96283
1.97578
1.84982
2.00741
2.04493
2.02477
1.91067
2.01154
2.05348
1.85495
1.81008
1.91214
1.90899
2.13095
2.31256
2.22958
2.0727
2.15509
2.51442
2.54061
2.23829
2.38224
2.70354
3.62799
7.85929
9.38021
6.71756
5.6007
5.18541
4.87688
4.22942
4.56988
4.77164
4.62667
4.43303
4.22759
3.81429
3.65461
3.86983
4.04227
3.76275
3.16258
3.29286
3.3073
3.47629
3.48006
3.4299
3.68273
4.35634
4.47473
4.28048
4.45178
4.41707
4.19794
3.88982
4.07795
4.14192
4.43726
4.71977
4.04307
3.59249
3.79636
3.74567
4.51276
4.08035
3.11937
3.27466
3.63071
3.46388
3.26309
3.11383
3.7942
3.57223
3.01809
3.25579
3.05295
