1.19016
1.20567
1.30686
1.42668
1.73217
2.03759
1.5032
1.15914
1.36308
1.84434
1.92705
1.81143
1.73688
1.79483
2.10384
2.33943
1.8593
1.72648
1.81129
1.97484
2.07104
2.34999
2.84797
2.63603
2.60963
2.58474
2.53919
2.76611
2.7739
2.71185
2.41343
2.51436
2.74762
2.60423
2.47149
2.50869
2.49432
2.92551
3.21483
2.99411
2.81431
3.24679
3.72063
3.67361
3.05056
3.21254
3.81964
5.13243
10.1435
12.4367
9.86454
8.62891
8.03597
7.3196
6.4098
6.85402
6.88862
6.79481
6.86343
6.81228
6.09365
5.79393
6.13587
6.30951
5.72265
4.74681
4.92576
5.08926
5.59358
5.56834
5.20023
5.15764
5.9068
6.2278
6.10771
6.27654
6.18022
6.11204
5.81718
5.83116
6.08006
6.63679
6.86418
5.84696
5.06693
5.39318
5.52225
6.74775
6.33125
4.71302
4.74337
5.54225
5.63761
5.04577
4.63536
5.56
5.3607
4.59557
5.01162
4.49356
