0.177986
0.081024
0.0950099
0.152824
0.279737
0.483254
0.173742
0.0406263
0.144392
0.350881
0.551532
0.474601
0.341867
0.356084
0.534808
0.614705
0.376715
0.386066
0.336434
0.295801
0.436928
0.665144
0.929372
0.731351
0.634864
0.570501
0.473558
0.55587
0.598217
0.709465
0.627601
0.664731
0.710427
0.591122
0.57352
0.634903
0.691941
0.886564
0.971933
0.839321
0.663913
0.713107
0.855314
0.896497
0.738549
0.77212
0.905464
0.815737
0.793509
0.844722
0.639739
0.662815
0.705279
0.712378
0.835685
1.02758
1.02184
1.04083
0.923103
0.837834
0.978986
0.965228
0.912052
1.06951
1.09617
0.90473
0.960166
0.924739
0.864936
0.94489
0.921653
0.919254
0.960563
0.91207
0.876788
0.897748
0.950223
0.999522
0.893587
0.908691
1.07664
1.22417
1.24499
1.01514
0.865038
0.910594
0.93189
1.16478
1.05639
0.758935
0.782255
0.97514
0.929366
0.842386
0.804755
0.97933
1.00013
0.903111
0.950252
0.726462
