1.19016
1.20567
1.30686
1.42668
1.73217
2.03759
1.5032
1.15914
1.36308
1.84434
1.92705
1.81143
1.73688
1.79482
2.10254
2.30886
1.81074
1.70925
1.78666
1.9426
2.06364
2.34873
2.82967
2.59817
2.59825
2.57651
2.49933
2.72138
2.73027
2.6807
2.39075
2.50412
2.70008
2.53237
2.39599
2.40877
2.42312
2.8432
3.10771
2.82748
2.59956
2.97783
3.42969
3.40006
2.86979
3.05944
3.59893
4.57854
8.76866
10.2586
7.50995
6.3454
5.98826
5.65927
4.82829
5.15314
5.46184
5.50688
5.46121
5.18146
4.56839
4.43051
4.80903
5.01992
4.46226
3.72275
3.99792
4.25212
4.61549
4.59216
4.33194
4.43436
5.17385
5.40512
5.27326
5.425
5.31822
5.18749
4.89588
4.99878
5.19632
5.67212
5.89888
5.02754
4.37436
4.57223
4.6496
5.7395
5.395
4.05091
4.13772
4.74654
4.73066
4.24659
3.9904
4.79899
4.63408
3.93184
4.27229
3.97898
