3051.09
3827.65
5344.92
4311.83
3666.62
3409.17
4787.73
6151.67
6569.94
5288.17
4830.56
5509.31
6936.62
8232.49
5693.52
4745.24
8224.09
10806.1
11640.8
10633.8
8050.07
8816.7
9017.68
10512.3
12116.3
11120
9660.1
9116.82
10153.9
12393
16071.7
16226.6
15838.5
17394.2
18262.8
17730.1
16643.4
15223.7
15873.5
17456.5
18425.8
17334
15609.5
16321.2
19869.4
19553.7
19552.1
19216.5
18825.6
19201.3
21207.1
21812
21971.4
23748.1
27394.2
24949.3
23122.2
22541.9
22316.6
22498.1
23891.3
25707.5
25246.4
24929.8
26007.1
30675.1
30852.5
29143.7
27361.9
26717.9
28931.5
31249.8
30933.9
30225.1
30657.5
30926
31159
31091.2
32628.8
30971.8
29031.7
29021.3
28973.9
32286.8
39068.3
36916.3
33460.6
28615.2
29211.8
37615.8
41869.4
36505
33155.6
37685.6
43247.8
37008.6
36079.4
41202.3
38258.9
44473.6
