1.19016
1.20567
1.30686
1.42668
1.73217
2.03759
1.5032
1.15914
1.36308
1.84434
1.92705
1.81143
1.73688
1.79483
2.10384
2.33943
1.85956
1.7333
1.84242
1.99846
2.07408
2.35003
2.84797
2.63603
2.60963
2.58474
2.53936
2.77368
2.83599
2.952
2.81798
3.03926
3.3715
3.30387
3.12519
3.13065
3.21559
3.78807
4.19336
3.93134
3.69046
4.19669
4.93326
5.12382
4.21674
4.11091
4.70326
6.95292
15.9933
19.8273
14.6481
12.367
10.9598
10.5211
8.38765
9.63689
9.57334
8.2275
9.50219
9.73953
7.32137
6.7549
8.19591
9.06962
7.03433
5.56279
5.92148
6.73808
8.43157
7.36071
6.24728
6.40242
7.68762
8.16599
8.25291
9.54915
9.27416
8.20246
7.52869
7.73794
8.03921
8.21993
8.65638
7.55415
6.49867
7.45828
8.62836
9.18948
8.12043
6.16569
5.93882
6.83775
7.23126
6.72655
5.92961
6.92128
6.6497
5.66371
5.99978
5.44892
