1.19016
1.20567
1.30686
1.42668
1.73217
2.03759
1.5032
1.15914
1.36308
1.84434
1.92705
1.81143
1.73688
1.79483
2.10384
2.33943
1.8593
1.72648
1.81129
1.97484
2.07104
2.34999
2.84797
2.63603
2.60963
2.58474
2.53919
2.76611
2.7739
2.71185
2.41343
2.51436
2.74762
2.60423
2.47149
2.50869
2.49432
2.92551
3.21483
2.99411
2.81431
3.24679
3.72063
3.67361
3.05056
3.21264
3.84319
5.95518
15.0248
18.8526
13.8303
11.6187
10.1422
9.56851
7.41773
8.56065
8.56001
7.20114
8.4658
8.76047
6.41285
5.9154
7.37526
8.19253
6.1041
4.75655
4.94508
5.58887
7.42847
6.4818
5.29668
5.51305
6.80419
7.31178
7.3375
8.59939
8.35304
7.24105
6.56593
6.75434
6.97106
7.27787
7.77777
6.66474
5.61414
6.4745
7.62207
8.19297
7.00582
5.15687
4.9859
5.81354
6.19576
5.79917
5.05449
5.9449
5.74887
4.79249
5.16568
4.68718
