0.177986
0.081024
0.0950099
0.152824
0.279737
0.483254
0.173742
0.0406263
0.144392
0.350881
0.551532
0.474601
0.341867
0.356084
0.534808
0.614705
0.376715
0.386066
0.336434
0.295801
0.436928
0.665144
0.929372
0.731351
0.634864
0.570501
0.473558
0.55587
0.598217
0.709465
0.627601
0.664731
0.710427
0.591122
0.57352
0.634903
0.691941
0.886564
0.971933
0.839321
0.663913
0.713107
0.855314
0.896497
0.738549
0.772224
0.928971
1.63835
5.67475
7.25891
4.63155
3.5562
3.02112
2.63384
2.20565
2.47483
2.44253
2.20604
2.18525
2.06005
1.85943
1.71204
1.78476
1.97154
1.79025
1.34457
1.4436
1.46457
1.54525
1.52025
1.4272
1.5905
2.15481
2.399
2.25371
2.34893
2.34483
2.19716
2.00042
2.12202
2.02098
2.26324
2.47405
1.86211
1.60006
1.77958
1.73938
2.31654
1.8953
1.25488
1.4441
1.67198
1.44297
1.2916
1.26669
1.7371
1.52698
1.22584
1.35045
1.22236
