1.17799
1.08102
1.09501
1.15282
1.27974
1.48325
1.17374
1.04063
1.14439
1.35088
1.55153
1.4746
1.34187
1.35608
1.53481
1.6147
1.37671
1.38607
1.33643
1.2958
1.43693
1.66514
1.92937
1.73135
1.63486
1.5705
1.47356
1.55587
1.59822
1.70947
1.6276
1.66473
1.71043
1.59112
1.57352
1.6349
1.69194
1.88656
1.97193
1.83932
1.66391
1.71311
1.85531
1.8965
1.73855
1.77222
1.92897
2.63835
6.67475
8.25891
5.63155
4.5562
4.02112
3.63384
3.20565
3.47483
3.44253
3.20604
3.18525
3.06005
2.85943
2.71204
2.78476
2.97154
2.79025
2.34457
2.4436
2.46457
2.54525
2.52025
2.4272
2.5905
3.15481
3.399
3.25371
3.34893
3.34483
3.19716
3.00042
3.12202
3.02098
3.26324
3.47405
2.86211
2.60006
2.77958
2.73938
3.31654
2.8953
2.25488
2.4441
2.67198
2.44297
2.2916
2.26669
2.7371
2.52698
2.22584
2.35045
2.22236
