1.6461
4.9439
8.1806
11.4625
14.686
17.974
21.2771
24.4439
27.6079
30.8986
34.069
37.2183
40.4662
43.786
46.8449
50.068
53.1123
56.3252
59.4321
62.6547
65.6633
68.9753
71.9264
74.9543
78.1265
81.2421
84.267
87.488
90.422
93.467
96.5707
99.5782
102.621
105.512
108.584
111.745
114.603
117.642
120.66
123.589
126.238
129.519
132.226
135.258
138.228
141.103
144.06
146.933
149.925
152.833
155.921
158.392
161.755
164.309
167.124
170.04
172.806
175.595
178.246
181.157
184.068
186.87
189.373
192.37
195.188
197.935
200.733
203.251
206.258
208.914
211.533
214.478
216.837
219.576
222.499
225.148
227.396
230.276
233.113
235.525
238.048
240.936
243.66
246.015
248.849
251.354
253.848
256.542
259.166
261.559
264.341
267.049
269.187
272.062
274.498
277.299
279.548
282.003
284.841
287.01
