0
0
0
0
0
0
0
0
0
0
0
0
0
0
0
0
0
0
0
0
1.20298
1.18302
1.17329
1.15019
1.13793
1.11971
1.10709
1.09404
1.07774
1.06416
1.05654
1.03954
1.03106
1.02351
1.01195
1.00673
0.998612
0.992543
0.985386
0.985599
0.988519
0.988495
0.985802
0.990363
0.991741
0.992588
0.99146
0.994484
0.993104
0.991635
0.998044
0.992935
0.996443
0.99322
0.995004
0.993551
0.995023
0.998055
0.993885
0.995619
0.995169
0.995876
0.992526
0.993121
0.996147
0.99613
0.997539
0.995579
0.996662
0.994986
0.993935
0.996165
0.9985
0.995011
0.997508
0.995069
0.994312
0.99298
0.99578
0.993418
0.994113
0.995708
0.996073
0.994642
0.994812
0.997061
0.993007
0.994995
0.9937
0.995601
0.996183
0.995622
0.996001
0.996527
0.99636
0.993842
0.995023
0.995481
0.995923
0.995912
