0
0
0
0
0
0
0
0
0
0
0
0
0
0
0
0
0
0
0
0
1.3519
1.31487
1.28438
1.25266
1.22098
1.19238
1.16448
1.14188
1.11508
1.09332
1.07364
1.05508
1.03639
1.02088
1.00372
0.993658
0.98343
0.973936
0.967541
0.967225
0.969759
0.972922
0.977029
0.983225
0.98225
0.989482
0.987087
0.987723
0.99078
0.993302
0.993414
0.99256
0.991472
0.99206
0.99087
0.99236
0.994615
0.992434
0.992601
0.993544
0.99223
0.99318
0.991573
0.990591
0.989668
0.993159
0.992861
0.992312
0.992671
0.990867
0.991724
0.99189
0.992241
0.991891
0.99158
0.993336
0.994538
0.993525
0.993342
0.992801
0.992086
0.99328
0.991114
0.991541
0.991944
0.992302
0.992423
0.993619
0.99092
0.991902
0.992278
0.991958
0.990512
0.993556
0.990722
0.992347
0.993645
0.991917
0.990937
0.991672
