0
0
0
0
0
0
0
0
0
0
0
0
0
0
0
0
0
0
0
0
1.06513
1.05763
1.04691
1.0538
1.04973
1.03531
1.0308
1.04026
1.03392
1.0252
1.03199
1.02357
1.01573
1.01347
1.00287
1.01356
0.999571
1.00606
0.998735
0.989174
0.995811
1.00222
0.99678
0.999131
1.00639
0.993759
0.997561
1.0034
1.00455
0.995834
1.00268
0.998345
1.0001
0.992437
0.996269
0.996801
1.00491
0.996943
0.999908
1.0045
0.995568
0.997823
1.00056
0.997839
0.993263
1.00471
1.00185
1.0035
0.994759
0.993266
0.994655
1.00252
1.00237
0.993193
0.999396
0.998457
0.99971
1.00386
0.995649
1.00358
0.997192
1.00153
0.994714
0.993983
0.995279
0.999499
1.00383
1.00477
1.00059
1.00364
1.00678
0.995516
0.998635
0.993941
1.00055
0.995788
1.00592
1.00152
1.00185
0.998269
