0
0
0
0
0
0
0
0
0
0
0
0
0
0
0
0
0
0
0
0
1.01456
1
1.00554
0.955867
1.03825
1.0566
1.0093
1.03629
0.975048
0.937991
0.989619
0.977671
0.963622
1.03701
1.02224
1.01944
0.986272
0.995156
1.04426
1.02599
0.994102
0.995622
0.979074
1.01719
0.979205
1.03389
1.0109
1.02382
0.981298
1.01971
1.01108
1.02021
1.02768
0.977076
1
0.97851
0.989392
0.992925
0.985102
1.01695
0.982955
1.00802
1.00087
0.995331
1.02759
1.01
1.00206
1.02905
1.01842
0.990848
0.968335
0.987448
0.972953
1.00229
0.982959
0.994889
0.990059
0.976593
1.00177
1.00837
1.00978
1.01806
1.02378
1.00307
1.02157
0.989938
1.0186
1.00201
1.00422
1.02271
0.997172
1.00213
1.00721
0.983832
0.999684
0.999111
1.01346
1.00437
1.02972
1.00087
