0
0
0
0
0
0
0
0
0
0
0
0
0
0
0
0
0
0
0
0
1.03149
1.03109
1.03575
1.03491
1.02777
1.03463
1.02171
1.02137
1.01524
1.01623
1.02881
1.01529
1.01607
1.00308
1.0135
0.988416
0.996069
1.00092
1.0052
0.99547
0.992431
0.997552
0.995333
0.992767
0.986061
0.98791
1.00787
0.996229
1.01378
0.9983
1.00078
0.992522
1.00135
0.996781
1.00471
0.996048
0.993427
1.00157
0.99307
0.993014
0.996762
0.990126
1.00454
0.991748
0.998538
0.995182
1.0073
0.995763
0.991245
0.991689
0.996403
1.00071
1.0024
1.00086
1.00072
0.997147
1.003
1.00769
1.00744
1.00085
0.992309
1.00075
0.992002
1.00311
1.00113
0.992752
1.00544
0.998545
0.99677
1.00617
1.00748
1.00129
0.992926
0.993876
1.00171
1.00117
0.998052
0.999593
1.00499
1.0004
