0
0
0
0
0
0
0
0
0
0
0
0
0
0
0
0
0
0
0
0
1.06858
1.05368
1.0509
1.04219
1.02534
1.02889
1.03437
1.033
1.03441
1.02194
1.02582
1.01271
1.00701
1.00856
1.00853
1.0038
0.998587
1.00188
0.998997
0.989983
0.994226
0.994603
0.995636
1.00114
0.996348
0.99945
1.00067
0.99549
1.00575
0.996334
1.00265
0.999279
1.00059
1.00177
0.994825
0.995248
1.00337
1.00141
0.995918
1.00353
1.00066
0.999941
1.00672
1.0003
1.00231
0.996813
0.999558
1.00422
0.997552
0.996834
1.00224
1.00728
0.998877
1.00424
0.993388
0.9992
0.997124
0.999904
0.995907
0.998938
1.00289
1.00191
0.995671
1.00137
0.998697
0.999223
0.997553
1.0029
0.999531
1.00085
0.998279
0.999753
1.00181
0.999062
0.996275
0.995557
1.00205
0.99911
0.992914
0.999309
