0
0
0
0
0
0
0
0
0
0
0
0
0
0
0
0
0
0
0
0
1.10297
1.09465
1.08119
1.07604
1.07027
1.06013
1.05757
1.04906
1.04546
1.04062
1.03026
1.02789
1.02316
1.01933
1.01561
1.00441
1.00354
0.996782
0.994965
0.993605
0.994196
1.00092
0.991691
0.995874
1.00015
0.992104
1.00171
0.996085
0.999321
0.99967
1.00149
0.99624
0.994395
1.00061
0.997917
0.99389
0.999366
0.996473
0.997488
0.995092
0.99393
0.9968
0.998947
0.998629
0.994827
0.992957
0.997991
0.998345
1.00059
0.997589
0.99613
0.998315
0.998962
0.999203
0.995177
0.998766
1.00083
0.998266
0.998002
0.996401
0.999182
0.999833
0.994906
0.993854
0.996443
0.995692
0.999429
0.999714
0.999228
1.0009
1.00473
0.997134
0.997707
0.99486
0.997644
0.997782
1.00075
0.997773
0.998793
0.996265
