0
0
0
0
0
0
0
0
0
0
0
0
0
0
0
0
0
0
0
0
0.999277
1.00373
1.01111
1.01207
0.99878
1.01953
1.01079
0.993266
1.01771
1.00921
1.00388
0.976844
1.00112
1.0203
1.01401
1.00506
1.00014
1.00777
1.00698
0.984908
0.996466
0.982572
1.00873
1.00549
1.00175
0.990001
1.00618
0.99606
1.00513
0.991368
0.991626
1.01873
0.995784
1.00452
0.994519
0.996328
0.988891
1.00876
0.990427
1.00945
0.984876
1.00995
0.998112
1.0065
0.996625
1.00066
1.01647
1.01178
0.992016
0.999686
1.01143
1.00501
1.01325
1.00604
0.995966
1.00567
0.996501
1.00028
0.99289
1.0011
1.00848
0.996116
1.00639
1.00172
0.99657
0.999485
0.994852
0.995264
1.01001
0.994508
0.997192
0.998374
1.00206
0.989216
1.00649
1.00446
1.00753
0.998293
1.00409
1.00675
