0
0
0
0
0
0
0
0
0
0
0
0
0
0
0
0
0
0
0
0
1.39016
1.35222
1.30966
1.27874
1.24245
1.21236
1.18093
1.1482
1.12357
1.09858
1.07708
1.05533
1.0371
1.01759
1.00237
0.987634
0.977009
0.966677
0.963862
0.960494
0.965327
0.969533
0.97483
0.979734
0.982747
0.984338
0.987585
0.990751
0.993364
0.991107
0.991047
0.99212
0.99164
0.994556
0.99294
0.992197
0.993928
0.992708
0.99209
0.991837
0.992506
0.992813
0.990791
0.991012
0.991196
0.99169
0.990979
0.991879
0.990832
0.990944
0.989636
0.990106
0.991691
0.99149
0.991045
0.989935
0.991265
0.991516
0.994349
0.991827
0.991036
0.990098
0.990256
0.990897
0.991648
0.991964
0.993353
0.991719
0.99065
0.990696
0.992369
0.990666
0.993152
0.992116
0.990163
0.991101
0.992435
0.990319
0.992003
0.990822
