0
0
0
0
0
0
0
0
0
0
0
0
0
0
0
0
0
0
0
0
1.12351
1.11778
1.10549
1.10464
1.08784
1.07522
1.07326
1.06272
1.05434
1.0458
1.03673
1.0273
1.02586
1.01964
1.01633
1.00336
0.999024
0.99546
0.995107
0.992161
0.992406
0.993671
0.989403
0.993879
0.996006
1.00198
0.997095
0.995874
0.997341
1.00193
0.996838
0.995874
0.99364
0.997915
0.994331
0.994402
0.995968
0.996038
0.99862
0.993397
0.996419
0.997684
0.996315
0.994653
0.998989
0.9981
1.00121
0.997763
0.996346
0.996188
0.997956
0.998521
0.995756
0.995306
0.996556
0.997667
0.997593
1.00105
0.995939
0.999729
0.997334
1.00069
0.995244
0.996723
0.993765
0.999038
0.997605
1.00107
0.996571
0.995606
0.999218
0.996226
0.997203
0.993795
0.998845
0.995852
0.998079
0.998095
1.0005
0.998749
