0
0
0
0
0
0
0
0
0
0
0
0
0
0
0
0
0
0
0
0
1.28686
1.25786
1.23369
1.20956
1.18248
1.16173
1.13962
1.11695
1.10054
1.08097
1.06566
1.05012
1.03842
1.02292
1.00919
0.99736
0.995662
0.9846
0.97782
0.975264
0.97799
0.982013
0.98298
0.9853
0.986223
0.988963
0.989249
0.990497
0.990804
0.993037
0.993093
0.994871
0.995418
0.993954
0.994748
0.992193
0.994445
0.994095
0.994165
0.99516
0.993556
0.993371
0.993851
0.992038
0.992595
0.993951
0.995781
0.995931
0.993914
0.994381
0.990142
0.995123
0.991775
0.995017
0.994553
0.993994
0.993523
0.993097
0.992574
0.993786
0.994357
0.995696
0.991973
0.992713
0.994224
0.994779
0.994823
0.994234
0.993049
0.994377
0.994966
0.993195
0.993169
0.994766
0.993917
0.993967
0.992951
0.991922
0.993947
0.992896
