0
0
0
0
0
0
0
0
0
0
0
0
0
0
0
0
0
0
0
0
1.18025
1.16843
1.14588
1.13597
1.12434
1.10933
1.0968
1.08659
1.0734
1.06156
1.05343
1.03906
1.03439
1.02315
1.01597
1.00325
0.997805
0.995503
0.989313
0.985077
0.990115
0.986455
0.989201
0.991403
0.994872
0.991168
0.996696
0.99294
0.99398
0.992681
0.992122
0.996485
0.9956
0.994671
0.995478
0.995979
0.997577
0.99419
0.994767
0.997264
0.996543
0.997674
0.99452
0.99352
0.996734
0.997923
0.99667
0.995102
0.996436
0.994869
0.995441
0.99731
0.996477
0.995889
0.999344
0.995685
0.994653
0.994901
0.993622
0.996395
0.994111
0.996178
0.994801
0.996146
0.995121
0.997248
0.996786
0.998754
0.996262
0.996684
0.995717
0.997681
0.996655
0.995225
0.996986
0.994821
0.995709
0.997298
0.996159
0.996654
