0
0
0
0
0
0
0
0
0
0
0
0
0
0
0
0
0
0
0
0
1.54263
1.47438
1.42075
1.36557
1.31612
1.26639
1.22468
1.18046
1.14582
1.11028
1.07852
1.05017
1.02537
1.00364
0.982561
0.967154
0.953426
0.943897
0.938552
0.937222
0.949343
0.954751
0.966435
0.973712
0.979182
0.98197
0.986905
0.990206
0.991301
0.992646
0.992116
0.995268
0.993382
0.9923
0.991679
0.991815
0.990433
0.989176
0.990305
0.99121
0.98838
0.989243
0.988921
0.987273
0.988186
0.98691
0.988043
0.988834
0.988917
0.988117
0.98889
0.988184
0.988967
0.988584
0.98784
0.988827
0.990279
0.990207
0.98775
0.988501
0.989761
0.987947
0.988891
0.988582
0.989151
0.989395
0.988661
0.988109
0.989303
0.988799
0.988958
0.988011
0.989281
0.988396
0.989218
0.987375
0.98914
0.988127
0.988276
0.988804
