0
0
0
0
0
0
0
0
0
0
0
0
0
0
0
0
0
0
0
0
1.03093
1.06474
1.01439
1.01653
1.02959
1.0152
1.0191
0.999391
1.00304
1.01466
1.00635
1.00677
1.01872
0.993519
1.01958
1.00435
1.00707
0.995087
0.99905
1.00737
1.00867
0.999757
1.00548
0.991461
0.978818
0.99316
0.999776
0.99552
1.00866
0.99421
1.00841
0.99947
0.991964
0.990752
1.0005
0.983611
1.00599
1.01275
1.00751
0.991567
1.00132
1.00011
0.987419
1.00186
1.0045
1.00649
1.00152
1.00542
1.00764
1.00129
0.991996
0.993755
1.00602
1.01094
1.00558
1.00188
1.01038
1.00694
1.00257
1.00313
0.994161
0.999466
1.00774
1.00669
1.00165
1.00603
0.999205
0.998409
1.00516
1.00012
0.999395
1.00418
0.990887
1.0014
0.999576
0.998637
1.00632
1.00194
1.00278
1.0082
