0
0
0
0
0
0
0
0
0
0
0
0
0
0
0
0
0
0
0
0
1.14468
1.13508
1.11755
1.11044
1.09983
1.0885
1.08375
1.06345
1.05792
1.04869
1.04081
1.03184
1.02491
1.01912
1.01244
1.00668
1.00469
0.998878
0.991818
0.993186
0.985752
0.994354
0.993737
0.991912
0.998635
0.998231
0.993347
0.99101
0.996309
0.997881
0.994874
0.99213
0.994729
1.00258
0.996345
0.997387
0.998223
0.995699
0.995897
0.998346
0.995797
0.997453
0.993576
0.995791
0.99657
1.00041
0.998585
0.996516
0.997728
0.998659
0.996238
0.994242
0.994511
0.997192
0.996913
0.99753
0.998936
0.994879
0.995228
0.995949
0.995699
0.997811
0.99656
0.995603
0.995037
0.998737
0.998152
0.997908
0.997268
0.997018
0.997259
0.997685
0.994456
0.995399
0.997138
0.994163
0.996242
0.994794
0.998057
0.996256
