0
0
0
0
0
0
0
0
0
0
0
0
0
0
0
0
0
0
0
0
1.06981
1.0742
1.05436
1.0685
1.04358
1.05412
1.05798
1.03732
1.03292
1.03326
1.02821
1.02254
1.01694
1.00721
1.01109
1.00192
1.00368
0.998156
1.00125
0.995666
0.997558
0.998388
0.998929
0.997822
1.00638
1.00307
1.00101
0.996209
0.997849
0.993436
0.999279
0.994712
0.998881
0.99958
0.99546
1.00112
0.996206
0.995276
1.00059
0.990668
0.99921
0.998082
0.998779
1.00223
0.997869
0.997253
1.00208
0.995491
1.00011
1.00057
1.00134
0.99484
0.995041
0.998535
0.995444
0.997239
1.00052
0.999991
0.997852
1.00096
1.00158
1.00334
0.997525
0.998318
1.00468
0.994951
0.99686
1.00092
0.9983
1.00504
1.0001
0.999853
0.996478
1.00045
1.00144
0.999119
0.998154
0.99581
1.00277
0.999898
