0
0
0
0
0
0
0
0
0
0
0
0
0
0
0
0
0
0
0
0
1.08169
1.02133
0.968675
0.986364
1.00448
1.00209
0.986486
0.986381
1.04873
0.989455
0.970175
1.02508
1.06854
1.00816
0.935323
0.997001
1.02861
1
1.09357
0.977401
0.997365
1.00903
1.03977
0.989757
1.09287
1.01976
1.00499
1.0344
0.995238
1
0.982571
1.00876
1.03459
0.976821
1.00953
1.04868
0.997945
0.978389
0.989216
1.00095
1.06623
1.00281
1
1.01001
0.997427
1.01434
1.00427
0.994078
1.00668
1.01252
1.04218
1.01221
0.96851
0.988057
0.966301
0.995441
1.02203
1.02394
1.02657
1.02605
0.968288
1.00866
1.00286
0.979021
0.990036
1
0.977778
1.011
0.988943
1.0081
0.9967
0.946048
0.988243
1.01649
1.0281
0.984346
0.997558
1.00297
1.00491
1.0136
