0
0
0
0
0
0
0
0
0
0
0
0
0
0
0
0
0
0
0
0
1.43503
1.38779
1.34299
1.30642
1.2641
1.22897
1.1967
1.16123
1.1311
1.10455
1.07871
1.05508
1.03582
1.01413
0.998924
0.981711
0.968282
0.960372
0.955466
0.954366
0.958595
0.965033
0.972542
0.976027
0.982211
0.985138
0.98667
0.98909
0.992045
0.991748
0.990786
0.993688
0.99244
0.993948
0.990558
0.993271
0.991081
0.991063
0.993235
0.99052
0.991382
0.991302
0.991612
0.990329
0.990929
0.991753
0.988893
0.990108
0.991139
0.988185
0.990233
0.991226
0.988787
0.991947
0.99116
0.990584
0.991202
0.990514
0.990609
0.990752
0.990733
0.99121
0.989503
0.990792
0.990065
0.990576
0.990605
0.991343
0.989734
0.990656
0.991127
0.989954
0.991956
0.991699
0.991179
0.991664
0.990764
0.989903
0.990765
0.989294
