0
0
0
0
0
0
0
0
0
0
0
0
0
0
0
0
0
0
0
0
1.03879
1.04188
1.02963
1.04448
1.03417
1.02365
1.02352
1.02906
1.01845
1.02399
1.02245
1.02052
1.01317
1.01311
0.999673
0.994505
1.00297
1.00414
1
1.00141
1.00044
0.997582
1.00379
0.995214
0.983479
0.99496
0.995749
0.990724
1.0023
1.00301
0.990906
0.994608
1.00076
0.997063
1.00383
0.997545
1.00288
1.00881
1.00603
1.00157
1.00135
0.986632
0.992238
0.993114
0.999611
1.00418
0.995621
0.997282
0.998672
0.997839
1.00797
1.00255
0.99151
1.00854
0.995317
1.00448
0.998638
1.00884
0.997817
0.997067
0.991934
0.994716
0.999979
1.00258
0.994909
1.00002
0.997147
1.00787
0.998376
1.00277
0.993851
1.00316
0.996734
1.00168
0.996821
0.996867
0.999363
1.00203
0.990573
1.00012
