0
0
0
0
0
0
0
0
0
0
0
0
0
0
0
0
0
0
0
0
1.01079
1.02016
0.992548
1.0117
1.00899
1.01146
0.999701
1.03609
1.00595
1.0038
1.009
1.01646
0.984764
0.982742
1.01334
0.978743
0.992856
1.00592
1.00977
1.01086
0.999174
1.00462
0.995214
1.0089
1.00358
1.01104
0.998357
0.982714
1.01112
1.00375
0.9869
1.01425
1.00552
0.99515
1.00094
1.00414
1.01244
1.00163
1.01382
0.990483
0.981064
1.00771
0.995371
1.01929
1.01686
1.00973
1.02299
0.997336
0.998752
1.00038
1.01022
0.99806
0.99379
0.99171
1.00127
1.00161
1.00717
1.00723
1.00718
1.00881
1.00464
0.997363
1.0165
0.997353
0.987356
1.00031
1.00031
1.00021
0.999102
0.998717
0.992833
1.01748
0.998725
1.00906
1.00539
0.988024
0.993294
0.985947
1.00713
1.0053
