0
0
0
0
0
0
0
0
0
0
0
0
0
0
0
0
0
0
0
0
1.08131
1.07329
1.07443
1.06645
1.06383
1.05772
1.04996
1.03972
1.04039
1.03471
1.02633
1.02748
1.01716
1.01635
1.01758
1.00801
1.00653
0.998526
0.998648
0.993835
0.994486
0.999765
0.995283
0.997727
1.00015
0.995961
0.99797
0.990622
0.998079
0.995918
0.999588
0.995072
0.997705
1.00033
0.997393
0.99308
0.996663
0.997649
0.998516
0.996299
1.0003
0.996996
1.00206
1.00003
1.00034
0.999326
1.00177
0.996904
0.997882
0.997461
1.00349
1.00336
1.0001
0.999547
0.991868
0.999374
0.999422
1.00183
0.990946
1.00059
1.00247
1.00118
0.998935
0.998536
0.99964
1.0004
0.994512
0.998975
1.00142
1.00363
1.00208
0.997367
0.997916
0.99696
0.997804
0.999272
0.999731
0.997009
0.99935
1.00294
