0
0
0
0
0
0
0
0
0
0
0
0
0
0
0
0
0
0
0
0
1.31712
1.28294
1.25099
1.23092
1.19992
1.1772
1.15019
1.12895
1.10843
1.08683
1.0726
1.05483
1.03732
1.02133
1.00955
0.993836
0.988152
0.980775
0.972532
0.971957
0.97677
0.977077
0.979037
0.985612
0.984298
0.987144
0.988263
0.9874
0.991912
0.992159
0.992734
0.996686
0.993272
0.991721
0.992308
0.993344
0.993928
0.992494
0.995622
0.990596
0.992627
0.994109
0.992527
0.990542
0.993537
0.994007
0.993741
0.994264
0.99273
0.991488
0.992492
0.991531
0.992372
0.994477
0.993382
0.993151
0.993643
0.992169
0.993149
0.991812
0.993874
0.992488
0.992818
0.993381
0.991794
0.992746
0.995647
0.994322
0.991868
0.993235
0.993128
0.993196
0.993131
0.99481
0.990741
0.993264
0.992468
0.992487
0.99317
0.991023
