0
0
0
0
0
0
0
0
0
0
0
0
0
0
0
0
0
0
0
0
0.995904
1.03173
1.00181
0.962091
1.00233
1.04078
1.03891
1.0087
1.00452
1.02313
0.99132
1.02062
1.02633
0.990164
0.99873
1.00434
1.01598
0.991463
0.997472
1.00903
0.993343
1.008
0.997601
1.0274
1.01451
1.00905
1.00601
1.00861
1.01417
1.02331
1.00481
1.01049
0.989863
1.01595
1.00461
0.979199
1.01696
0.988054
0.992168
0.978559
1.01942
0.997852
0.978632
1.02112
1.02754
1.011
0.998895
1.00901
0.991577
0.989722
1.00656
1.00309
1.01249
1.00924
0.997594
1.00373
1.01119
0.982632
1.00516
1.01106
1.01517
0.991749
1.00204
1.00018
1.00036
0.988618
1.01425
0.990325
0.984014
0.991171
1.01343
1.00164
0.988955
0.993437
0.998504
0.999212
1.00711
0.990352
1.00283
0.999538
