0
0
0
0
0
0
0
0
0
0
0
0
0
0
0
0
0
0
0
0
1.22967
1.20599
1.19185
1.17046
1.15018
1.13538
1.11389
1.10418
1.08684
1.07089
1.05405
1.04213
1.03378
1.02139
1.01173
1.00432
0.997078
0.991372
0.986675
0.98341
0.982232
0.984731
0.985624
0.989784
0.988953
0.989108
0.992207
0.992223
0.992278
0.994377
0.994161
0.993011
0.993759
0.993964
0.996842
0.991243
0.993427
0.995174
0.995486
0.994424
0.994645
0.99475
0.9947
0.994426
0.994012
0.997625
0.997739
0.996136
0.995155
0.992671
0.994194
0.995855
0.99459
0.992967
0.994502
0.993932
0.992565
0.994905
0.993252
0.994017
0.99376
0.996653
0.99263
0.994928
0.993832
0.995716
0.994151
0.997608
0.996804
0.99461
0.995338
0.995412
0.995168
0.994936
0.994794
0.994083
0.994504
0.994338
0.995767
0.99551
