0
0
0
0
0
0
0
0
0
0
0
0
0
0
0
0
0
0
0
0
1.114
1.10622
1.09537
1.0911
1.07611
1.07217
1.06513
1.05745
1.04677
1.04066
1.02754
1.02768
1.02119
1.01407
1.01448
1.00725
1.00559
0.996043
0.995493
0.993358
0.994601
0.993085
0.992389
0.994209
0.997002
0.998673
0.9946
0.995305
0.998192
0.995302
0.997568
0.993284
1.00325
0.999089
0.996163
0.990808
0.997376
0.997158
0.999601
0.996287
0.995718
0.998022
0.998072
0.997925
0.997751
0.998929
1.00033
0.998686
0.996199
0.995545
0.996623
0.999277
0.995739
0.998212
0.998994
0.996724
0.99743
0.999817
0.996839
0.998726
1.00058
1.00026
0.997529
0.995652
0.996516
0.996289
0.995721
0.998244
0.997865
0.996764
1.00023
0.994899
0.998007
0.997485
0.997797
0.997583
0.997631
0.998271
0.998017
0.998857
