0
0
0
0
0
0
0
0
0
0
0
0
0
0
0
0
0
0
0
0
1.25529
1.22956
1.20953
1.18584
1.16795
1.14654
1.12656
1.11005
1.09338
1.07902
1.06151
1.04766
1.03431
1.02224
1.01178
1.00032
0.993741
0.989881
0.983317
0.98157
0.98218
0.980918
0.984064
0.989475
0.986583
0.988197
0.990714
0.991116
0.993443
0.993079
0.992987
0.99264
0.99613
0.994424
0.992994
0.993226
0.996922
0.994227
0.994411
0.994738
0.996517
0.99359
0.992386
0.991784
0.994204
0.995519
0.99585
0.993538
0.995309
0.993837
0.996092
0.996257
0.994007
0.992516
0.996495
0.995602
0.993009
0.993296
0.994874
0.993573
0.993188
0.994528
0.992914
0.994617
0.993138
0.99413
0.99381
0.995196
0.993511
0.995929
0.994148
0.994337
0.992479
0.995972
0.994305
0.994362
0.994276
0.994737
0.996199
0.99314
