0
0
0
0
0
0
0
0
0
0
0
0
0
0
0
0
0
0
0
0
1.156
1.14475
1.13087
1.12592
1.11263
1.1015
1.08776
1.07769
1.06073
1.05693
1.04749
1.03663
1.02744
1.0239
1.0114
1.00404
1.00042
0.998012
0.993493
0.988706
0.992878
0.987314
0.990523
0.99417
0.992526
0.993055
0.989941
0.991353
0.996562
0.995067
0.995094
0.996719
0.99894
0.99599
0.999923
0.994556
0.995345
1.00017
0.996841
0.999639
0.996576
0.996832
0.996963
0.995355
0.997589
1.00056
0.9977
0.999206
1.00028
0.99639
0.99544
0.998781
0.995219
0.996424
0.999699
0.996016
0.997198
0.996106
0.995502
0.99673
0.995383
0.999094
0.997432
0.994043
0.994597
0.996968
0.99697
0.998047
0.996925
0.997867
0.997104
0.999058
0.996392
0.996158
0.996383
0.995418
0.995755
0.996051
0.995788
0.994814
