0
0
0
0
0
0
0
0
0
0
0
0
0
0
0
0
0
0
0
0
1.48401
1.42999
1.379
1.33271
1.28647
1.24695
1.20698
1.17309
1.14061
1.10994
1.08193
1.05335
1.03077
1.00894
0.990413
0.975606
0.963848
0.953272
0.946062
0.946796
0.951691
0.959238
0.966896
0.975231
0.978954
0.982557
0.986193
0.988901
0.991014
0.991554
0.991527
0.993125
0.992503
0.994475
0.992144
0.992235
0.992417
0.991741
0.99123
0.989915
0.98953
0.991095
0.98931
0.988541
0.990855
0.989876
0.989894
0.991123
0.988695
0.988362
0.989812
0.989773
0.989038
0.990985
0.988916
0.989435
0.990014
0.990136
0.989751
0.988641
0.99075
0.990471
0.988991
0.989242
0.990162
0.989992
0.991484
0.989444
0.98915
0.988614
0.990127
0.989026
0.989326
0.990416
0.988605
0.989521
0.988993
0.989333
0.9898
0.988907
